,rapes,rapesPerPop,arsons,arsonsPerPop,ViolentCrimesPerPop,nonViolPerPop,imputed_rapes,imputed_rapesR,imputed_ViolentCrimesPerPop,ViolentCrimesPerPopR,imputed_arsons,arsonsR,imputed_arsonsPerPop,arsonsPerPopR,imputed_nonViolPerPop,nonViolPerPopR,imputed_rapesPerPop,rapesPerPopR,,,,imputed_rapes,imputed_ViolentCrimesPerPop,imputed_arsons,imputed_arsonsPerPop,imputed_nonViolPerPop,imputed_rapesPerPop,
1,0,0,2,16.41,41.02,1394.59,0,0,41.02,41.02,2,2,16.41,16.41,1394.59,1394.59,0,0,,,,0,41.02,2,16.41,1394.59,0,
2,1,4.25,1,4.25,127.56,1955.95,1,1,127.56,127.56,1,1,4.25,4.25,1955.95,1955.95,4.25,4.25,,,,1,127.56,1,4.25,1955.95,4.25,
3,6,16.6,22,60.87,218.59,6167.51,6,6,218.59,218.59,22,22,60.87,60.87,6167.51,6167.51,16.6,16.6,,,,6,218.59,22,60.87,6167.51,16.6,
4,10,57.86,NA,NA,306.64,NA,10,10,306.64,306.64,0,7,0,15.36,2246.14,7781.56,57.86,57.86,,,,10,306.64,0,0,2246.14,57.86,
5,NA,NA,5,40.05,NA,9988.79,0,1,223.06,517.18,5,5,40.05,40.05,9988.79,9988.79,0,46.48,,,,0,223.06,5,40.05,9988.79,0,
6,77,50.98,134,88.72,442.95,6867.42,77,77,442.95,442.95,134,134,88.72,88.72,6867.42,6867.42,50.98,50.98,,,,77,442.95,134,88.72,6867.42,50.98,
7,4,13.53,17,57.5,226.63,1890.88,4,4,226.63,226.63,17,17,57.5,57.5,1890.88,1890.88,13.53,13.53,,,,4,226.63,17,57.5,1890.88,13.53,
8,34,55.79,9,14.77,439.73,4909.26,34,34,439.73,439.73,9,9,14.77,14.77,4909.26,4909.26,55.79,55.79,,,,34,439.73,9,14.77,4909.26,55.79,
9,35,43.87,8,10.03,115.31,4747.58,35,35,115.31,115.31,8,8,10.03,10.03,4747.58,4747.58,43.87,43.87,,,,35,115.31,8,10.03,4747.58,43.87,
10,141,130.69,18,16.68,1544.24,8903.93,141,141,1544.24,1544.24,18,18,16.68,16.68,8903.93,8903.93,130.69,130.69,,,,141,1544.24,18,16.68,8903.93,130.69,
11,29,90.25,6,18.67,722.02,7599.9,29,29,722.02,722.02,6,6,18.67,18.67,7599.9,7599.9,90.25,90.25,,,,29,722.02,6,18.67,7599.9,90.25,
12,21,77.73,20,74.03,2605.96,8839.53,21,21,2605.96,2605.96,20,20,74.03,74.03,8839.53,8839.53,77.73,77.73,,,,21,2605.96,20,74.03,8839.53,77.73,
13,36,78.53,9,19.63,798.39,5508.05,36,36,798.39,798.39,9,9,19.63,19.63,5508.05,5508.05,78.53,78.53,,,,36,798.39,9,19.63,5508.05,78.53,
14,59,100.51,46,78.36,1476.93,7371,59,59,1476.93,1476.93,46,46,78.36,78.36,7371,7371,100.51,100.51,,,,59,1476.93,46,78.36,7371,100.51,
15,NA,NA,1,7.31,NA,2720.49,0,11,223.06,446.77,1,1,7.31,7.31,2720.49,2720.49,0,19.63,,,,0,223.06,1,7.31,2720.49,0,
16,NA,NA,7,20.66,NA,5933.23,0,20,223.06,82.59,7,7,20.66,20.66,5933.23,5933.23,0,13.5,,,,0,223.06,7,20.66,5933.23,0,
17,0,0,7,15.36,89.94,3130.42,0,0,89.94,89.94,7,7,15.36,15.36,3130.42,3130.42,0,0,,,,0,89.94,7,15.36,3130.42,0,
18,30,16.72,73,40.7,374.07,4246.34,30,30,374.07,374.07,73,73,40.7,40.7,4246.34,4246.34,16.72,16.72,,,,30,374.07,73,40.7,4246.34,16.72,
19,2,13.24,4,26.47,112.5,3540.47,2,2,112.5,112.5,4,4,26.47,26.47,3540.47,3540.47,13.24,13.24,,,,2,112.5,4,26.47,3540.47,13.24,
20,146,49.94,97,33.18,772.77,6171.23,146,146,772.77,772.77,97,97,33.18,33.18,6171.23,6171.23,49.94,49.94,,,,146,772.77,97,33.18,6171.23,49.94,
21,NA,NA,62,102.13,NA,3131.33,0,8,223.06,1121.64,62,62,102.13,102.13,3131.33,3131.33,0,0,,,,0,223.06,62,102.13,3131.33,0,
22,2818,38.5,4443,60.7,2097.71,6164.95,2818,2818,2097.71,2097.71,4443,4443,60.7,60.7,6164.95,6164.95,38.5,38.5,,,,2818,2097.71,4443,60.7,6164.95,38.5,
23,9,58.03,5,32.24,644.75,5338.49,9,9,644.75,644.75,5,5,32.24,32.24,5338.49,5338.49,58.03,58.03,,,,9,644.75,5,32.24,5338.49,58.03,
24,1,8.07,4,32.27,145.2,5461,1,1,145.2,145.2,4,4,32.27,32.27,5461,5461,8.07,8.07,,,,1,145.2,4,32.27,5461,8.07,
25,10,55.52,2,11.1,560.71,5618.16,10,10,560.71,560.71,2,2,11.1,11.1,5618.16,5618.16,55.52,55.52,,,,10,560.71,2,11.1,5618.16,55.52,
26,9,29.18,6,19.45,204.23,4869.19,9,9,204.23,204.23,6,6,19.45,19.45,4869.19,4869.19,29.18,29.18,,,,9,204.23,6,19.45,4869.19,29.18,
27,2,13.38,1,6.69,347.97,3693.79,2,2,347.97,347.97,1,1,6.69,6.69,3693.79,3693.79,13.38,13.38,,,,2,347.97,1,6.69,3693.79,13.38,
28,42,45.1,31,33.29,894.51,7091.62,42,42,894.51,894.51,31,31,33.29,33.29,7091.62,7091.62,45.1,45.1,,,,42,894.51,31,33.29,7091.62,45.1,
29,20,145.72,8,58.29,1143.9,9143.9,20,20,1143.9,1143.9,8,8,58.29,58.29,9143.9,9143.9,145.72,145.72,,,,20,1143.9,8,58.29,9143.9,145.72,
30,24,86.13,0,0,724.95,4421.48,24,24,724.95,724.95,0,0,0,0,4421.48,4421.48,86.13,86.13,,,,24,724.95,0,0,4421.48,86.13,
31,2,17.4,1,8.7,1487.34,4722.97,2,2,1487.34,1487.34,1,1,8.7,8.7,4722.97,4722.97,17.4,17.4,,,,2,1487.34,1,8.7,4722.97,17.4,
32,7,4.58,80,52.38,689.42,5948.83,7,7,689.42,689.42,80,80,52.38,52.38,5948.83,5948.83,4.58,4.58,,,,7,689.42,80,52.38,5948.83,4.58,
33,3,14.98,NA,NA,49.93,NA,3,3,49.93,49.93,0,96,0,23.16,2246.14,6324.43,14.98,14.98,,,,3,49.93,0,0,2246.14,14.98,
34,0,0,0,0,16.72,919.73,0,0,16.72,16.72,0,0,0,0,919.73,919.73,0,0,,,,0,16.72,0,0,919.73,0,
35,14,68.92,0,0,649.83,5764.78,14,14,649.83,649.83,0,0,0,0,5764.78,5764.78,68.92,68.92,,,,14,649.83,0,0,5764.78,68.92,
36,4,28.91,13,93.97,346.97,5255.17,4,4,346.97,346.97,13,13,93.97,93.97,5255.17,5255.17,28.91,28.91,,,,4,346.97,13,93.97,5255.17,28.91,
37,3,18.38,10,61.28,1770.94,11428.4,3,3,1770.94,1770.94,10,10,61.28,61.28,11428.4,11428.4,18.38,18.38,,,,3,1770.94,10,61.28,11428.4,18.38,
38,4,16.15,15,60.58,609.81,4458.44,4,4,609.81,609.81,15,15,60.58,60.58,4458.44,4458.44,16.15,16.15,,,,4,609.81,15,60.58,4458.44,16.15,
39,34,76.4,57,128.09,559.55,10379.78,34,34,559.55,559.55,57,57,128.09,128.09,10379.78,10379.78,76.4,76.4,,,,34,559.55,57,128.09,10379.78,76.4,
40,1,3.54,0,0,205.56,2810.46,1,1,205.56,205.56,0,0,0,0,2810.46,2810.46,3.54,3.54,,,,1,205.56,0,0,2810.46,3.54,
41,43,47.57,NA,NA,512.19,NA,43,43,512.19,512.19,0,3,0,41.69,2246.14,1786.74,47.57,47.57,,,,43,512.19,0,0,2246.14,47.57,
42,7,25.08,19,68.09,734.61,4672.83,7,7,734.61,734.61,19,19,68.09,68.09,4672.83,4672.83,25.08,25.08,,,,7,734.61,19,68.09,4672.83,25.08,
43,NA,NA,60,86.12,NA,6269.29,0,3,223.06,542.11,60,60,86.12,86.12,6269.29,6269.29,0,6.94,,,,0,223.06,60,86.12,6269.29,0,
44,37,66.7,26,46.87,919.33,5227.58,37,37,919.33,919.33,26,26,46.87,46.87,5227.58,5227.58,66.7,66.7,,,,37,919.33,26,46.87,5227.58,66.7,
45,7,43.81,9,56.33,682.23,7554.61,7,7,682.23,682.23,9,9,56.33,56.33,7554.61,7554.61,43.81,43.81,,,,7,682.23,9,56.33,7554.61,43.81,
46,9,13.15,14,20.45,131.47,2543.13,9,9,131.47,131.47,14,14,20.45,20.45,2543.13,2543.13,13.15,13.15,,,,9,131.47,14,20.45,2543.13,13.15,
47,5,20.8,3,12.48,794.41,5939.36,5,5,794.41,794.41,3,3,12.48,12.48,5939.36,5939.36,20.8,20.8,,,,5,794.41,3,12.48,5939.36,20.8,
48,1,7.38,8,59.08,420.91,5095.26,1,1,420.91,420.91,8,8,59.08,59.08,5095.26,5095.26,7.38,7.38,,,,1,420.91,8,59.08,5095.26,7.38,
49,NA,NA,13,20.18,NA,4869.53,0,0,223.06,874.44,13,13,20.18,20.18,4869.53,4869.53,0,48.89,,,,0,223.06,13,20.18,4869.53,0,
50,NA,NA,1,6.05,NA,3207.26,0,15,223.06,493.73,1,1,6.05,6.05,3207.26,3207.26,0,16.72,,,,0,223.06,1,6.05,3207.26,0,
51,9,41.81,1,4.65,92.91,3121.66,9,9,92.91,92.91,1,1,4.65,4.65,3121.66,3121.66,41.81,41.81,,,,9,92.91,1,4.65,3121.66,41.81,
52,8,24.03,14,42.05,1087.25,7394.5,8,8,1087.25,1087.25,14,14,42.05,42.05,7394.5,7394.5,24.03,24.03,,,,8,1087.25,14,42.05,7394.5,24.03,
53,2,13.97,0,0,237.45,1948.46,2,2,237.45,237.45,0,0,0,0,1948.46,1948.46,13.97,13.97,,,,2,237.45,0,0,1948.46,13.97,
54,16,46.03,3,8.63,212.87,6403.36,16,16,212.87,212.87,3,3,8.63,8.63,6403.36,6403.36,46.03,46.03,,,,16,212.87,3,8.63,6403.36,46.03,
55,357,110.19,357,110.19,984.96,7910.25,357,357,984.96,984.96,357,357,110.19,110.19,7910.25,7910.25,110.19,110.19,,,,357,984.96,357,110.19,7910.25,110.19,
56,785,51.31,2282,149.17,1279.6,5253.14,785,785,1279.6,1279.6,2282,2282,149.17,149.17,5253.14,5253.14,51.31,51.31,,,,785,1279.6,2282,149.17,5253.14,51.31,
57,11,12.82,0,0,256.34,2556.39,11,11,256.34,256.34,0,0,0,0,2556.39,2556.39,12.82,12.82,,,,11,256.34,0,0,2556.39,12.82,
58,10,31.02,0,0,142.7,4091.83,10,10,142.7,142.7,0,0,0,0,4091.83,4091.83,31.02,31.02,,,,10,142.7,0,0,4091.83,31.02,
59,45,67,50,74.45,753.42,4630.73,45,45,753.42,753.42,50,50,74.45,74.45,4630.73,4630.73,67,67,,,,45,753.42,50,74.45,4630.73,67,
60,0,0,5,21.91,122.69,2721.06,0,0,122.69,122.69,5,5,21.91,21.91,2721.06,2721.06,0,0,,,,0,122.69,5,21.91,2721.06,0,
61,15,50.34,3,10.07,1849.3,6474.24,15,15,1849.3,1849.3,3,3,10.07,10.07,6474.24,6474.24,50.34,50.34,,,,15,1849.3,3,10.07,6474.24,50.34,
62,33,28.5,93,80.33,566.64,NA,33,33,566.64,566.64,93,93,80.33,80.33,2246.14,8969.4,28.5,28.5,,,,33,566.64,93,80.33,2246.14,28.5,
63,NA,NA,4,15.77,NA,3012.5,0,5,223.06,697.28,4,4,15.77,15.77,3012.5,3012.5,0,19.07,,,,0,223.06,4,15.77,3012.5,0,
64,2,14.83,4,29.66,51.91,3374.37,2,2,51.91,51.91,4,4,29.66,29.66,3374.37,3374.37,14.83,14.83,,,,2,51.91,4,29.66,3374.37,14.83,
65,3,7.91,26,68.59,94.97,3498.22,3,3,94.97,94.97,26,26,68.59,68.59,3498.22,3498.22,7.91,7.91,,,,3,94.97,26,68.59,3498.22,7.91,
66,23,102.18,14,62.2,422.05,4567.06,23,23,422.05,422.05,14,14,62.2,62.2,4567.06,4567.06,102.18,102.18,,,,23,422.05,14,62.2,4567.06,102.18,
67,15,37.91,13,32.86,452.4,3389.19,15,15,452.4,452.4,13,13,32.86,32.86,3389.19,3389.19,37.91,37.91,,,,15,452.4,13,32.86,3389.19,37.91,
68,5,47.34,9,85.21,407.12,3739.82,5,5,407.12,407.12,9,9,85.21,85.21,3739.82,3739.82,47.34,47.34,,,,5,407.12,9,85.21,3739.82,47.34,
69,102,59.32,173,100.6,1693.42,6179.34,102,102,1693.42,1693.42,173,173,100.6,100.6,6179.34,6179.34,59.32,59.32,,,,102,1693.42,173,100.6,6179.34,59.32,
70,1,7.46,1,7.46,462.24,5956.91,1,1,462.24,462.24,1,1,7.46,7.46,5956.91,5956.91,7.46,7.46,,,,1,462.24,1,7.46,5956.91,7.46,
71,NA,NA,NA,NA,NA,NA,0,3,223.06,275.53,0,17,0,42.39,2246.14,7218.05,0,34.04,,,,0,223.06,0,0,2246.14,0,
72,3,13.82,2,9.21,115.14,2160.1,3,3,115.14,115.14,2,2,9.21,9.21,2160.1,2160.1,13.82,13.82,,,,3,115.14,2,9.21,2160.1,13.82,
73,4,13.68,1,3.42,78.65,3553.11,4,4,78.65,78.65,1,1,3.42,3.42,3553.11,3553.11,13.68,13.68,,,,4,78.65,1,3.42,3553.11,13.68,
74,8,63.04,1,7.88,985.03,4767.53,8,8,985.03,985.03,1,1,7.88,7.88,4767.53,4767.53,63.04,63.04,,,,8,985.03,1,7.88,4767.53,63.04,
75,13,14.89,5,5.73,131.68,3715.75,13,13,131.68,131.68,5,5,5.73,5.73,3715.75,3715.75,14.89,14.89,,,,13,131.68,5,5.73,3715.75,14.89,
76,NA,NA,3,5.54,NA,2395.42,0,16,223.06,137.89,3,3,5.54,5.54,2395.42,2395.42,0,77.47,,,,0,223.06,3,5.54,2395.42,0,
77,NA,NA,9,38.75,NA,3577.58,0,6,223.06,230,9,9,38.75,38.75,3577.58,3577.58,0,4.52,,,,0,223.06,9,38.75,3577.58,0,
78,11,72.14,7,45.9,1134.5,5292.15,11,11,1134.5,1134.5,7,7,45.9,45.9,5292.15,5292.15,72.14,72.14,,,,11,1134.5,7,45.9,5292.15,72.14,
79,314,69.78,162,36,969.6,9943.53,314,314,969.6,969.6,162,162,36,36,9943.53,9943.53,69.78,69.78,,,,314,969.6,162,36,9943.53,69.78,
80,5,20.94,7,29.31,251.24,3668.03,5,5,251.24,251.24,7,7,29.31,29.31,3668.03,3668.03,20.94,20.94,,,,5,251.24,7,29.31,3668.03,20.94,
81,7,57.36,5,40.97,934.12,5735.82,7,7,934.12,934.12,5,5,40.97,40.97,5735.82,5735.82,57.36,57.36,,,,7,934.12,5,40.97,5735.82,57.36,
82,31,148.32,9,43.06,377.97,4550.02,31,31,377.97,377.97,9,9,43.06,43.06,4550.02,4550.02,148.32,148.32,,,,31,377.97,9,43.06,4550.02,148.32,
83,6,53.92,3,26.96,889.65,2039.9,6,6,889.65,889.65,3,3,26.96,26.96,2039.9,2039.9,53.92,53.92,,,,6,889.65,3,26.96,2039.9,53.92,
84,1,5.74,3,17.23,40.21,1654.22,1,1,40.21,40.21,3,3,17.23,17.23,1654.22,1654.22,5.74,5.74,,,,1,40.21,3,17.23,1654.22,5.74,
85,NA,NA,7,38.56,NA,8642.72,0,1,223.06,367.13,7,7,38.56,38.56,8642.72,8642.72,0,52.11,,,,0,223.06,7,38.56,8642.72,0,
86,19,51.17,16,43.09,465.96,5063.56,19,19,465.96,465.96,16,16,43.09,43.09,5063.56,5063.56,51.17,51.17,,,,19,465.96,16,43.09,5063.56,51.17,
87,1,8.83,0,0,150.04,2338.92,1,1,150.04,150.04,0,0,0,0,2338.92,2338.92,8.83,8.83,,,,1,150.04,0,0,2338.92,8.83,
88,0,0,2,16.52,49.56,1032.55,0,0,49.56,49.56,2,2,16.52,16.52,1032.55,1032.55,0,0,,,,0,49.56,2,16.52,1032.55,0,
89,22,51.39,0,0,1812.62,3277.2,22,22,1812.62,1812.62,0,0,0,0,3277.2,3277.2,51.39,51.39,,,,22,1812.62,0,0,3277.2,51.39,
90,2,11.23,2,11.23,129.13,2094.09,2,2,129.13,129.13,2,2,11.23,11.23,2094.09,2094.09,11.23,11.23,,,,2,129.13,2,11.23,2094.09,11.23,
91,479,104.44,604,131.7,1841.38,9577.37,479,479,1841.38,1841.38,604,604,131.7,131.7,9577.37,9577.37,104.44,104.44,,,,479,1841.38,604,131.7,9577.37,104.44,
92,10,31.06,6,18.64,301.31,4038.14,10,10,301.31,301.31,6,6,18.64,18.64,4038.14,4038.14,31.06,31.06,,,,10,301.31,6,18.64,4038.14,31.06,
93,30,21.6,54,38.87,620.53,5352.95,30,30,620.53,620.53,54,54,38.87,38.87,5352.95,5352.95,21.6,21.6,,,,30,620.53,54,38.87,5352.95,21.6,
94,2,11.57,0,0,190.84,3302.11,2,2,190.84,190.84,0,0,0,0,3302.11,3302.11,11.57,11.57,,,,2,190.84,0,0,3302.11,11.57,
95,15,22.02,2,2.94,726.59,4174.62,15,15,726.59,726.59,2,2,2.94,2.94,4174.62,4174.62,22.02,22.02,,,,15,726.59,2,2.94,4174.62,22.02,
96,0,0,3,22.37,74.56,3183.72,0,0,74.56,74.56,3,3,22.37,22.37,3183.72,3183.72,0,0,,,,0,74.56,3,22.37,3183.72,0,
97,NA,NA,6,45.63,NA,1961.98,0,1000,223.06,214.31,6,6,45.63,45.63,1961.98,1961.98,0,12.95,,,,0,223.06,6,45.63,1961.98,0,
98,2,17,0,0,339.96,3739.59,2,2,339.96,339.96,0,0,0,0,3739.59,3739.59,17,17,,,,2,339.96,0,0,3739.59,17,
99,19,37.7,14,27.78,121.02,5247.7,19,19,121.02,121.02,14,14,27.78,27.78,5247.7,5247.7,37.7,37.7,,,,19,121.02,14,27.78,5247.7,37.7,
100,130,108.69,134,112.04,2127.02,10988.76,130,130,2127.02,2127.02,134,134,112.04,112.04,10988.76,10988.76,108.69,108.69,,,,130,2127.02,134,112.04,10988.76,108.69,
101,4,36.38,2,18.19,809.39,6620.59,4,4,809.39,809.39,2,2,18.19,18.19,6620.59,6620.59,36.38,36.38,,,,4,809.39,2,18.19,6620.59,36.38,
102,NA,NA,1,4.02,NA,6324.43,0,0,223.06,142.9,1,1,4.02,4.02,6324.43,6324.43,0,77.26,,,,0,223.06,1,4.02,6324.43,0,
103,2,9.72,1,4.86,199.2,2992.91,2,2,199.2,199.2,1,1,4.86,4.86,2992.91,2992.91,9.72,9.72,,,,2,199.2,1,4.86,2992.91,9.72,
104,5,47.14,1,9.43,1527.29,5317.24,5,5,1527.29,1527.29,1,1,9.43,9.43,5317.24,5317.24,47.14,47.14,,,,5,1527.29,1,9.43,5317.24,47.14,
105,1,3.04,3,9.13,85.17,2570.42,1,1,85.17,85.17,3,3,9.13,9.13,2570.42,2570.42,3.04,3.04,,,,1,85.17,3,9.13,2570.42,3.04,
106,21,32.38,16,24.67,727.83,4976.1,21,21,727.83,727.83,16,16,24.67,24.67,4976.1,4976.1,32.38,32.38,,,,21,727.83,16,24.67,4976.1,32.38,
107,9,42.11,16,74.86,781.32,7265.84,9,9,781.32,781.32,16,16,74.86,74.86,7265.84,7265.84,42.11,42.11,,,,9,781.32,16,74.86,7265.84,42.11,
108,0,0,7,39.54,367.13,3885.91,0,0,367.13,367.13,7,7,39.54,39.54,3885.91,3885.91,0,0,,,,0,367.13,7,39.54,3885.91,0,
109,19,33.52,10,17.64,155.25,5691.4,19,19,155.25,155.25,10,10,17.64,17.64,5691.4,5691.4,33.52,33.52,,,,19,155.25,10,17.64,5691.4,33.52,
110,41,320.61,14,109.48,1634.34,24116.36,41,41,1634.34,1634.34,14,14,109.48,109.48,24116.36,24116.36,320.61,320.61,,,,41,1634.34,14,109.48,24116.36,320.61,
111,1,3.81,2,7.61,251.23,2561.76,1,1,251.23,251.23,2,2,7.61,7.61,2561.76,2561.76,3.81,3.81,,,,1,251.23,2,7.61,2561.76,3.81,
112,5,14.35,16,45.92,367.33,5934.68,5,5,367.33,367.33,16,16,45.92,45.92,5934.68,5934.68,14.35,14.35,,,,5,367.33,16,45.92,5934.68,14.35,
113,3,16.99,1,5.66,560.56,4218.33,3,3,560.56,560.56,1,1,5.66,5.66,4218.33,4218.33,16.99,16.99,,,,3,560.56,1,5.66,4218.33,16.99,
114,137,100.91,30,22.1,1981.45,12349.83,137,137,1981.45,1981.45,30,30,22.1,22.1,12349.83,12349.83,100.91,100.91,,,,137,1981.45,30,22.1,12349.83,100.91,
115,0,0,1,8.39,83.89,5041.52,0,0,83.89,83.89,1,1,8.39,8.39,5041.52,5041.52,0,0,,,,0,83.89,1,8.39,5041.52,0,
116,2,13.29,3,19.93,39.87,6199.75,2,2,39.87,39.87,3,3,19.93,19.93,6199.75,6199.75,13.29,13.29,,,,2,39.87,3,19.93,6199.75,13.29,
117,NA,NA,2,19.08,NA,3673.66,0,4,223.06,887.29,2,2,19.08,19.08,3673.66,3673.66,0,77.15,,,,0,223.06,2,19.08,3673.66,0,
118,0,0,0,0,60.9,2243.88,0,0,60.9,60.9,0,0,0,0,2243.88,2243.88,0,0,,,,0,60.9,0,0,2243.88,0,
119,0,0,2,10.83,70.4,1348.5,0,0,70.4,70.4,2,2,10.83,10.83,1348.5,1348.5,0,0,,,,0,70.4,2,10.83,1348.5,0,
120,9,41.98,10,46.64,242.54,6436.57,9,9,242.54,242.54,10,10,46.64,46.64,6436.57,6436.57,41.98,41.98,,,,9,242.54,10,46.64,6436.57,41.98,
121,29,67.42,47,109.27,574.24,4296.38,29,29,574.24,574.24,47,47,109.27,109.27,4296.38,4296.38,67.42,67.42,,,,29,574.24,47,109.27,4296.38,67.42,
122,7,21.47,8,24.54,288.37,3647.57,7,7,288.37,288.37,8,8,24.54,24.54,3647.57,3647.57,21.47,21.47,,,,7,288.37,8,24.54,3647.57,21.47,
123,59,83.45,6,8.49,1497.92,7742.79,59,59,1497.92,1497.92,6,6,8.49,8.49,7742.79,7742.79,83.45,83.45,,,,59,1497.92,6,8.49,7742.79,83.45,
124,NA,NA,5,14.39,NA,4805.2,0,2,223.06,2344.68,5,5,14.39,14.39,4805.2,4805.2,0,43.97,,,,0,223.06,5,14.39,4805.2,0,
125,28,119.98,21,89.99,681.32,7241.72,28,28,681.32,681.32,21,21,89.99,89.99,7241.72,7241.72,119.98,119.98,,,,28,681.32,21,89.99,7241.72,119.98,
126,2,16.18,1,8.09,194.19,2330.29,2,2,194.19,194.19,1,1,8.09,8.09,2330.29,2330.29,16.18,16.18,,,,2,194.19,1,8.09,2330.29,16.18,
127,8,35.33,7,30.91,185.48,3978.98,8,8,185.48,185.48,7,7,30.91,30.91,3978.98,3978.98,35.33,35.33,,,,8,185.48,7,30.91,3978.98,35.33,
128,1773,51.15,5119,147.68,2414.77,6756.86,1773,1773,2414.77,2414.77,5119,5119,147.68,147.68,6756.86,6756.86,51.15,51.15,,,,1773,2414.77,5119,147.68,6756.86,51.15,
129,5,37.76,1,7.55,581.57,5188.82,5,5,581.57,581.57,1,1,7.55,7.55,5188.82,5188.82,37.76,37.76,,,,5,581.57,1,7.55,5188.82,37.76,
130,0,0,29,178.53,197,2074.61,0,0,197,197,29,29,178.53,178.53,2074.61,2074.61,0,0,,,,0,197,29,178.53,2074.61,0,
131,17,61.22,29,104.44,273.7,6766.78,17,17,273.7,273.7,29,29,104.44,104.44,6766.78,6766.78,61.22,61.22,,,,17,273.7,29,104.44,6766.78,61.22,
132,NA,NA,13,55.21,NA,4272.31,0,28,223.06,1770.94,13,13,55.21,55.21,4272.31,4272.31,0,48.53,,,,0,223.06,13,55.21,4272.31,0,
133,5,23.62,9,42.51,240.92,2078.51,5,5,240.92,240.92,9,9,42.51,42.51,2078.51,2078.51,23.62,23.62,,,,5,240.92,9,42.51,2078.51,23.62,
134,9,27.82,21,64.92,1085.11,3610.84,9,9,1085.11,1085.11,21,21,64.92,64.92,3610.84,3610.84,27.82,27.82,,,,9,1085.11,21,64.92,3610.84,27.82,
135,16,42.82,14,37.46,291.69,2860.66,16,16,291.69,291.69,14,14,37.46,37.46,2860.66,2860.66,42.82,42.82,,,,16,291.69,14,37.46,2860.66,42.82,
136,30,40.15,30,40.15,587.55,5753.71,30,30,587.55,587.55,30,30,40.15,40.15,5753.71,5753.71,40.15,40.15,,,,30,587.55,30,40.15,5753.71,40.15,
137,1,8.34,0,0,650.49,9215.24,1,1,650.49,650.49,0,0,0,0,9215.24,9215.24,8.34,8.34,,,,1,650.49,0,0,9215.24,8.34,
138,4,21.17,6,31.75,465.66,4402.58,4,4,465.66,465.66,6,6,31.75,31.75,4402.58,4402.58,21.17,21.17,,,,4,465.66,6,31.75,4402.58,21.17,
139,0,0,0,0,221.64,5411.19,0,0,221.64,221.64,0,0,0,0,5411.19,5411.19,0,0,,,,0,221.64,0,0,5411.19,0,
140,12,36.13,37,111.41,216.8,3824.15,12,12,216.8,216.8,37,37,111.41,111.41,3824.15,3824.15,36.13,36.13,,,,12,216.8,37,111.41,3824.15,36.13,
141,112,57.16,74,37.76,795.08,7383.29,112,112,795.08,795.08,74,74,37.76,37.76,7383.29,7383.29,57.16,57.16,,,,112,795.08,74,37.76,7383.29,57.16,
142,10,70.93,0,0,361.75,7653.57,10,10,361.75,361.75,0,0,0,0,7653.57,7653.57,70.93,70.93,,,,10,361.75,0,0,7653.57,70.93,
143,28,163.47,27,157.63,525.42,8762.92,28,28,525.42,525.42,27,27,157.63,157.63,8762.92,8762.92,163.47,163.47,,,,28,525.42,27,157.63,8762.92,163.47,
144,22,51.31,2,4.66,1462.29,6068.38,22,22,1462.29,1462.29,2,2,4.66,4.66,6068.38,6068.38,51.31,51.31,,,,22,1462.29,2,4.66,6068.38,51.31,
145,1,5.97,1,5.97,89.61,1153,1,1,89.61,89.61,1,1,5.97,5.97,1153,1153,5.97,5.97,,,,1,89.61,1,5.97,1153,5.97,
146,NA,NA,35,31.99,NA,4960.52,0,28,223.06,366.66,35,35,31.99,31.99,4960.52,4960.52,0,0,,,,0,223.06,35,31.99,4960.52,0,
147,40,133.72,31,103.63,227.32,3309.49,40,40,227.32,227.32,31,31,103.63,103.63,3309.49,3309.49,133.72,133.72,,,,40,227.32,31,103.63,3309.49,133.72,
148,20,141.32,7,49.46,2649.8,15920.01,20,20,2649.8,2649.8,7,7,49.46,49.46,15920.01,15920.01,141.32,141.32,,,,20,2649.8,7,49.46,15920.01,141.32,
149,0,0,1,7.75,46.52,806.39,0,0,46.52,46.52,1,1,7.75,7.75,806.39,806.39,0,0,,,,0,46.52,1,7.75,806.39,0,
150,1,6.78,0,0,74.62,4782.25,1,1,74.62,74.62,0,0,0,0,4782.25,4782.25,6.78,6.78,,,,1,74.62,0,0,4782.25,6.78,
151,23,40.64,7,12.37,871.02,4621.91,23,23,871.02,871.02,7,7,12.37,12.37,4621.91,4621.91,40.64,40.64,,,,23,871.02,7,12.37,4621.91,40.64,
152,1,3.38,6,20.26,185.69,2386.9,1,1,185.69,185.69,6,6,20.26,20.26,2386.9,2386.9,3.38,3.38,,,,1,185.69,6,20.26,2386.9,3.38,
153,NA,NA,338,243.28,NA,10343.04,0,2,223.06,168.57,338,338,243.28,243.28,10343.04,10343.04,0,58.13,,,,0,223.06,338,243.28,10343.04,0,
154,18,43.39,19,45.81,1501.93,7502.41,18,18,1501.93,1501.93,19,19,45.81,45.81,7502.41,7502.41,43.39,43.39,,,,18,1501.93,19,45.81,7502.41,43.39,
155,14,44.43,4,12.7,1450.47,3980.07,14,14,1450.47,1450.47,4,4,12.7,12.7,3980.07,3980.07,44.43,44.43,,,,14,1450.47,4,12.7,3980.07,44.43,
156,11,42.35,37,142.44,2344.56,4180.94,11,11,2344.56,2344.56,37,37,142.44,142.44,4180.94,4180.94,42.35,42.35,,,,11,2344.56,37,142.44,4180.94,42.35,
157,8,37.07,0,0,64.88,2335.71,8,8,64.88,64.88,0,0,0,0,2335.71,2335.71,37.07,37.07,,,,8,64.88,0,0,2335.71,37.07,
158,9,23.81,0,0,129.64,3463.15,9,9,129.64,129.64,0,0,0,0,3463.15,3463.15,23.81,23.81,,,,9,129.64,0,0,3463.15,23.81,
159,16,47.24,NA,NA,345.46,NA,16,16,345.46,345.46,0,1,0,33.99,2246.14,7742.79,47.24,47.24,,,,16,345.46,0,0,2246.14,47.24,
160,5,32.6,6,39.12,267.33,2008.22,5,5,267.33,267.33,6,6,39.12,39.12,2008.22,2008.22,32.6,32.6,,,,5,267.33,6,39.12,2008.22,32.6,
161,5,40.23,0,0,160.93,3154.17,5,5,160.93,160.93,0,0,0,0,3154.17,3154.17,40.23,40.23,,,,5,160.93,0,0,3154.17,40.23,
162,1,3.22,1,3.22,80.5,1236.48,1,1,80.5,80.5,1,1,3.22,3.22,1236.48,1236.48,3.22,3.22,,,,1,80.5,1,3.22,1236.48,3.22,
163,2,9.87,4,19.75,399.86,3134.72,2,2,399.86,399.86,4,4,19.75,19.75,3134.72,3134.72,9.87,9.87,,,,2,399.86,4,19.75,3134.72,9.87,
164,1,7.67,1,7.67,69,1694.27,1,1,69,69,1,1,7.67,7.67,1694.27,1694.27,7.67,7.67,,,,1,69,1,7.67,1694.27,7.67,
165,53,134.07,62,156.83,4877.06,8770.11,53,53,4877.06,4877.06,62,62,156.83,156.83,8770.11,8770.11,134.07,134.07,,,,53,4877.06,62,156.83,8770.11,134.07,
166,7,63.69,7,63.69,919.02,9190.17,7,7,919.02,919.02,7,7,63.69,63.69,9190.17,9190.17,63.69,63.69,,,,7,919.02,7,63.69,9190.17,63.69,
167,247,85.21,214,73.82,3235.45,12490.6,247,247,3235.45,3235.45,214,214,73.82,73.82,12490.6,12490.6,85.21,85.21,,,,247,3235.45,214,73.82,12490.6,85.21,
168,1000,95.96,1324,127.05,1744.19,9015.27,1000,1000,1744.19,1744.19,1324,1324,127.05,127.05,9015.27,9015.27,95.96,95.96,,,,1000,1744.19,1324,127.05,9015.27,95.96,
169,6,32.78,0,0,76.49,3999.56,6,6,76.49,76.49,0,0,0,0,3999.56,3999.56,32.78,32.78,,,,6,76.49,0,0,3999.56,32.78,
170,45,77.51,31,53.39,339.31,17859.42,45,45,339.31,339.31,31,31,53.39,53.39,17859.42,17859.42,77.51,77.51,,,,45,339.31,31,53.39,17859.42,77.51,
171,9,32,19,67.55,807,7341.18,9,9,807,807,19,19,67.55,67.55,7341.18,7341.18,32,32,,,,9,807,19,67.55,7341.18,32,
172,7,17.73,1,2.53,932.05,5891.14,7,7,932.05,932.05,1,1,2.53,2.53,5891.14,5891.14,17.73,17.73,,,,7,932.05,1,2.53,5891.14,17.73,
173,5,33.58,6,40.29,235.04,4378.48,5,5,235.04,235.04,6,6,40.29,40.29,4378.48,4378.48,33.58,33.58,,,,5,235.04,6,40.29,4378.48,33.58,
174,42,53.59,52,66.35,1195.53,7043.06,42,42,1195.53,1195.53,52,52,66.35,66.35,7043.06,7043.06,53.59,53.59,,,,42,1195.53,52,66.35,7043.06,53.59,
175,1,4.94,4,19.76,1293.95,9116.95,1,1,1293.95,1293.95,4,4,19.76,19.76,9116.95,9116.95,4.94,4.94,,,,1,1293.95,4,19.76,9116.95,4.94,
176,82,92.77,112,126.72,3239.2,8497.95,82,82,3239.2,3239.2,112,112,126.72,126.72,8497.95,8497.95,92.77,92.77,,,,82,3239.2,112,126.72,8497.95,92.77,
177,20,48.56,8,19.42,364.19,4681.09,20,20,364.19,364.19,8,8,19.42,19.42,4681.09,4681.09,48.56,48.56,,,,20,364.19,8,19.42,4681.09,48.56,
178,6,11.57,11,21.22,179.38,2659.8,6,6,179.38,179.38,11,11,21.22,21.22,2659.8,2659.8,11.57,11.57,,,,6,179.38,11,21.22,2659.8,11.57,
179,4,28.91,6,43.37,43.37,3259.85,4,4,43.37,43.37,6,6,43.37,43.37,3259.85,3259.85,28.91,28.91,,,,4,43.37,6,43.37,3259.85,28.91,
180,0,0,0,0,161.69,6854.13,0,0,161.69,161.69,0,0,0,0,6854.13,6854.13,0,0,,,,0,161.69,0,0,6854.13,0,
181,39,156.97,NA,NA,3268.26,NA,39,39,3268.26,3268.26,0,7,0,8.07,2246.14,5913.55,156.97,156.97,,,,39,3268.26,0,0,2246.14,156.97,
182,0,0,4,33.8,168.99,2729.19,0,0,168.99,168.99,4,4,33.8,33.8,2729.19,2729.19,0,0,,,,0,168.99,4,33.8,2729.19,0,
183,2,5.11,16,40.86,178.75,5709.91,2,2,178.75,178.75,16,16,40.86,40.86,5709.91,5709.91,5.11,5.11,,,,2,178.75,16,40.86,5709.91,5.11,
184,10,66.14,4,26.46,231.48,4027.78,10,10,231.48,231.48,4,4,26.46,26.46,4027.78,4027.78,66.14,66.14,,,,10,231.48,4,26.46,4027.78,66.14,
185,4,12.91,2,6.45,103.28,2149.5,4,4,103.28,103.28,2,2,6.45,6.45,2149.5,2149.5,12.91,12.91,,,,4,103.28,2,6.45,2149.5,12.91,
186,20,30.4,41,62.32,203.69,6443.62,20,20,203.69,203.69,41,41,62.32,62.32,6443.62,6443.62,30.4,30.4,,,,20,203.69,41,62.32,6443.62,30.4,
187,30,30.33,26,26.28,448.84,7247.12,30,30,448.84,448.84,26,26,26.28,26.28,7247.12,7247.12,30.33,30.33,,,,30,448.84,26,26.28,7247.12,30.33,
188,3,24.85,17,140.81,356.17,4472.79,3,3,356.17,356.17,17,17,140.81,140.81,4472.79,4472.79,24.85,24.85,,,,3,356.17,17,140.81,4472.79,24.85,
189,2,12.01,0,0,672.35,7311.8,2,2,672.35,672.35,0,0,0,0,7311.8,7311.8,12.01,12.01,,,,2,672.35,0,0,7311.8,12.01,
190,6,44.94,9,67.41,981.2,7182.98,6,6,981.2,981.2,9,9,67.41,67.41,7182.98,7182.98,44.94,44.94,,,,6,981.2,9,67.41,7182.98,44.94,
191,7,44.38,2,12.68,190.21,2675.63,7,7,190.21,190.21,2,2,12.68,12.68,2675.63,2675.63,44.38,44.38,,,,7,190.21,2,12.68,2675.63,44.38,
192,9,40.21,12,53.61,446.77,3471.38,9,9,446.77,446.77,12,12,53.61,53.61,3471.38,3471.38,40.21,40.21,,,,9,446.77,12,53.61,3471.38,40.21,
193,1,5.29,1,5.29,31.75,1423.43,1,1,31.75,31.75,1,1,5.29,5.29,1423.43,1423.43,5.29,5.29,,,,1,31.75,1,5.29,1423.43,5.29,
194,18,34.42,18,34.42,868.12,4843.49,18,18,868.12,868.12,18,18,34.42,34.42,4843.49,4843.49,34.42,34.42,,,,18,868.12,18,34.42,4843.49,34.42,
195,13,15.43,35,41.55,225.56,2945.37,13,13,225.56,225.56,35,35,41.55,41.55,2945.37,2945.37,15.43,15.43,,,,13,225.56,35,41.55,2945.37,15.43,
196,200,45.87,243,55.73,1631.98,6595.13,200,200,1631.98,1631.98,243,243,55.73,55.73,6595.13,6595.13,45.87,45.87,,,,200,1631.98,243,55.73,6595.13,45.87,
197,NA,NA,14,16.51,NA,5198.1,0,27,223.06,919.02,14,14,16.51,16.51,5198.1,5198.1,0,77.86,,,,0,223.06,14,16.51,5198.1,0,
198,12,74.69,7,43.57,1419.06,8956.25,12,12,1419.06,1419.06,7,7,43.57,43.57,8956.25,8956.25,74.69,74.69,,,,12,1419.06,7,43.57,8956.25,74.69,
199,28,29.99,23,24.63,519.47,6434.96,28,28,519.47,519.47,23,23,24.63,24.63,6434.96,6434.96,29.99,29.99,,,,28,519.47,23,24.63,6434.96,29.99,
200,4,10.27,4,10.27,87.26,3174.56,4,4,87.26,87.26,4,4,10.27,10.27,3174.56,3174.56,10.27,10.27,,,,4,87.26,4,10.27,3174.56,10.27,
201,18,19.14,4,4.25,294.6,4176.5,18,18,294.6,294.6,4,4,4.25,4.25,4176.5,4176.5,19.14,19.14,,,,18,294.6,4,4.25,4176.5,19.14,
202,1,7.6,0,0,53.2,1968.23,1,1,53.2,53.2,0,0,0,0,1968.23,1968.23,7.6,7.6,,,,1,53.2,0,0,1968.23,7.6,
203,NA,NA,9,36.36,NA,3470.01,0,10,223.06,110.97,9,9,36.36,36.36,3470.01,3470.01,0,58.03,,,,0,223.06,9,36.36,3470.01,0,
204,8,19.63,10,24.54,282.16,4480.21,8,8,282.16,282.16,10,10,24.54,24.54,4480.21,4480.21,19.63,19.63,,,,8,282.16,10,24.54,4480.21,19.63,
205,17,37.19,3,6.56,958.15,6354.87,17,17,958.15,958.15,3,3,6.56,6.56,6354.87,6354.87,37.19,37.19,,,,17,958.15,3,6.56,6354.87,37.19,
206,515,110.46,420,90.08,1389.87,9710.83,515,515,1389.87,1389.87,420,420,90.08,90.08,9710.83,9710.83,110.46,110.46,,,,515,1389.87,420,90.08,9710.83,110.46,
207,3,25.49,6,50.99,1240.65,5319.51,3,3,1240.65,1240.65,6,6,50.99,50.99,5319.51,5319.51,25.49,25.49,,,,3,1240.65,6,50.99,5319.51,25.49,
208,8,38.55,22,106.02,674.67,6809.31,8,8,674.67,674.67,22,22,106.02,106.02,6809.31,6809.31,38.55,38.55,,,,8,674.67,22,106.02,6809.31,38.55,
209,2,18.94,2,18.94,161.02,4328.47,2,2,161.02,161.02,2,2,18.94,18.94,4328.47,4328.47,18.94,18.94,,,,2,161.02,2,18.94,4328.47,18.94,
210,3,13.67,9,41.02,332.73,4193.25,3,3,332.73,332.73,9,9,41.02,41.02,4193.25,4193.25,13.67,13.67,,,,3,332.73,9,41.02,4193.25,13.67,
211,43,99.97,6,13.95,620.71,4840.17,43,43,620.71,620.71,6,6,13.95,13.95,4840.17,4840.17,99.97,99.97,,,,43,620.71,6,13.95,4840.17,99.97,
212,45,77.26,NA,NA,442.93,NA,45,45,442.93,442.93,0,2,0,53.18,2246.14,2432.92,77.26,77.26,,,,45,442.93,0,0,2246.14,77.26,
213,2,12.43,12,74.59,372.95,4090,2,2,372.95,372.95,12,12,74.59,74.59,4090,4090,12.43,12.43,,,,2,372.95,12,74.59,4090,12.43,
214,NA,NA,0,0,NA,2405.2,0,14,223.06,1336.03,0,0,0,0,2405.2,2405.2,0,76.03,,,,0,223.06,0,0,2405.2,0,
215,3,22.02,1,7.34,587.33,4977.61,3,3,587.33,587.33,1,1,7.34,7.34,4977.61,4977.61,22.02,22.02,,,,3,587.33,1,7.34,4977.61,22.02,
216,0,0,0,0,210.79,3812.33,0,0,210.79,210.79,0,0,0,0,3812.33,3812.33,0,0,,,,0,210.79,0,0,3812.33,0,
217,10,41.02,8,32.82,500.47,9463.84,10,10,500.47,500.47,8,8,32.82,32.82,9463.84,9463.84,41.02,41.02,,,,10,500.47,8,32.82,9463.84,41.02,
218,0,0,0,0,75.72,1216.94,0,0,75.72,75.72,0,0,0,0,1216.94,1216.94,0,0,,,,0,75.72,0,0,1216.94,0,
219,34,66.73,10,19.63,345.45,4100.26,34,34,345.45,345.45,10,10,19.63,19.63,4100.26,4100.26,66.73,66.73,,,,34,345.45,10,19.63,4100.26,66.73,
220,11,83.97,13,99.24,1687.02,8763.36,11,11,1687.02,1687.02,13,13,99.24,99.24,8763.36,8763.36,83.97,83.97,,,,11,1687.02,13,99.24,8763.36,83.97,
221,29,43.69,21,31.64,394.74,4197.55,29,29,394.74,394.74,21,21,31.64,31.64,4197.55,4197.55,43.69,43.69,,,,29,394.74,21,31.64,4197.55,43.69,
222,5,27.45,7,38.44,340.43,5221.83,5,5,340.43,340.43,7,7,38.44,38.44,5221.83,5221.83,27.45,27.45,,,,5,340.43,7,38.44,5221.83,27.45,
223,NA,NA,6,15.08,NA,2747.06,0,0,223.06,186.22,6,6,15.08,15.08,2747.06,2747.06,0,0,,,,0,223.06,6,15.08,2747.06,0,
224,15,76.69,8,40.9,NA,8890.59,15,15,223.06,765.29,8,8,40.9,40.9,8890.59,8890.59,76.69,76.69,,,,15,223.06,8,40.9,8890.59,76.69,
225,31,47.15,27,41.07,1446.56,5381.64,31,31,1446.56,1446.56,27,27,41.07,41.07,5381.64,5381.64,47.15,47.15,,,,31,1446.56,27,41.07,5381.64,47.15,
226,6,19.87,23,76.16,271.52,3533.11,6,6,271.52,271.52,23,23,76.16,76.16,3533.11,3533.11,19.87,19.87,,,,6,271.52,23,76.16,3533.11,19.87,
227,8,47.43,0,0,788.52,6474.18,8,8,788.52,788.52,0,0,0,0,6474.18,6474.18,47.43,47.43,,,,8,788.52,0,0,6474.18,47.43,
228,20,170.98,1,8.55,393.26,4719.16,20,20,393.26,393.26,1,1,8.55,8.55,4719.16,4719.16,170.98,170.98,,,,20,393.26,1,8.55,4719.16,170.98,
229,21,83.96,14,55.97,1783.14,9719.33,21,21,1783.14,1783.14,14,14,55.97,55.97,9719.33,9719.33,83.96,83.96,,,,21,1783.14,14,55.97,9719.33,83.96,
230,5,27.52,0,0,77.05,2140.89,5,5,77.05,77.05,0,0,0,0,2140.89,2140.89,27.52,27.52,,,,5,77.05,0,0,2140.89,27.52,
231,9,25.31,9,25.31,275.58,4729.9,9,9,275.58,275.58,9,9,25.31,25.31,4729.9,4729.9,25.31,25.31,,,,9,275.58,9,25.31,4729.9,25.31,
232,4,22.79,6,34.19,74.08,4348.07,4,4,74.08,74.08,6,6,34.19,34.19,4348.07,4348.07,22.79,22.79,,,,4,74.08,6,34.19,4348.07,22.79,
233,11,29.57,1,2.69,400.56,2510.89,11,11,400.56,400.56,1,1,2.69,2.69,2510.89,2510.89,29.57,29.57,,,,11,400.56,1,2.69,2510.89,29.57,
234,15,28.84,6,11.54,1357.38,7225.26,15,15,1357.38,1357.38,6,6,11.54,11.54,7225.26,7225.26,28.84,28.84,,,,15,1357.38,6,11.54,7225.26,28.84,
235,1,6.26,0,0,56.31,2239.74,1,1,56.31,56.31,0,0,0,0,2239.74,2239.74,6.26,6.26,,,,1,56.31,0,0,2239.74,6.26,
236,NA,NA,2,12.67,NA,4853.32,0,8,223.06,101.26,2,2,12.67,12.67,4853.32,4853.32,0,42.78,,,,0,223.06,2,12.67,4853.32,0,
237,4,28.67,7,50.17,394.21,3168,4,4,394.21,394.21,7,7,50.17,50.17,3168,3168,28.67,28.67,,,,4,394.21,7,50.17,3168,28.67,
238,19,44.13,10,23.23,445.94,4287.54,19,19,445.94,445.94,10,10,23.23,23.23,4287.54,4287.54,44.13,44.13,,,,19,445.94,10,23.23,4287.54,44.13,
239,0,0,4,26.11,522.13,6363.4,0,0,522.13,522.13,4,4,26.11,26.11,6363.4,6363.4,0,0,,,,0,522.13,4,26.11,6363.4,0,
240,2,12.89,0,0,96.69,2604.1,2,2,96.69,96.69,0,0,0,0,2604.1,2604.1,12.89,12.89,,,,2,96.69,0,0,2604.1,12.89,
241,10,26.92,18,48.45,293.41,3459.04,10,10,293.41,293.41,18,18,48.45,48.45,3459.04,3459.04,26.92,26.92,,,,10,293.41,18,48.45,3459.04,26.92,
242,0,0,1,7.95,71.54,1438.79,0,0,71.54,71.54,1,1,7.95,7.95,1438.79,1438.79,0,0,,,,0,71.54,1,7.95,1438.79,0,
243,NA,NA,16,144.69,NA,5453.07,0,25,223.06,168.48,16,16,144.69,144.69,5453.07,5453.07,0,30.29,,,,0,223.06,16,144.69,5453.07,0,
244,3,14.23,0,0,37.95,2334.19,3,3,37.95,37.95,0,0,0,0,2334.19,2334.19,14.23,14.23,,,,3,37.95,0,0,2334.19,14.23,
245,11,45.49,3,12.41,516.96,6273.78,11,11,516.96,516.96,3,3,12.41,12.41,6273.78,6273.78,45.49,45.49,,,,11,516.96,3,12.41,6273.78,45.49,
246,4,25.4,6,38.1,82.54,4387.58,4,4,82.54,82.54,6,6,38.1,38.1,4387.58,4387.58,25.4,25.4,,,,4,82.54,6,38.1,4387.58,25.4,
247,26,101.33,22,85.74,1555.07,5214.75,26,26,1555.07,1555.07,22,22,85.74,85.74,5214.75,5214.75,101.33,101.33,,,,26,1555.07,22,85.74,5214.75,101.33,
248,3,11.35,0,0,52.95,1879.8,3,3,52.95,52.95,0,0,0,0,1879.8,1879.8,11.35,11.35,,,,3,52.95,0,0,1879.8,11.35,
249,8,21.77,16,43.53,530.57,4674.45,8,8,530.57,530.57,16,16,43.53,43.53,4674.45,4674.45,21.77,21.77,,,,8,530.57,16,43.53,4674.45,21.77,
250,NA,NA,85,103.53,NA,7203.5,0,6,223.06,1045.45,85,85,103.53,103.53,7203.5,7203.5,0,26.91,,,,0,223.06,85,103.53,7203.5,0,
251,13,77.8,14,83.78,1358.47,10029.92,13,13,1358.47,1358.47,14,14,83.78,83.78,10029.92,10029.92,77.8,77.8,,,,13,1358.47,14,83.78,10029.92,77.8,
252,3,18.81,4,25.08,94.07,2966.26,3,3,94.07,94.07,4,4,25.08,25.08,2966.26,2966.26,18.81,18.81,,,,3,94.07,4,25.08,2966.26,18.81,
253,2,6.78,1,3.39,88.16,2170.08,2,2,88.16,88.16,1,1,3.39,3.39,2170.08,2170.08,6.78,6.78,,,,2,88.16,1,3.39,2170.08,6.78,
254,5,42.8,0,0,316.75,5624.52,5,5,316.75,316.75,0,0,0,0,5624.52,5624.52,42.8,42.8,,,,5,316.75,0,0,5624.52,42.8,
255,28,30.95,44,48.63,1267.73,4148.02,28,28,1267.73,1267.73,44,44,48.63,48.63,4148.02,4148.02,30.95,30.95,,,,28,1267.73,44,48.63,4148.02,30.95,
256,3,7.81,7,18.21,106.68,2016.5,3,3,106.68,106.68,7,7,18.21,18.21,2016.5,2016.5,7.81,7.81,,,,3,106.68,7,18.21,2016.5,7.81,
257,10,32.54,2,6.51,191.96,3702.5,10,10,191.96,191.96,2,2,6.51,6.51,3702.5,3702.5,32.54,32.54,,,,10,191.96,2,6.51,3702.5,32.54,
258,6,35.72,12,71.45,142.9,3876.15,6,6,142.9,142.9,12,12,71.45,71.45,3876.15,3876.15,35.72,35.72,,,,6,142.9,12,71.45,3876.15,35.72,
259,21,36.09,5,8.59,536.18,6743.54,21,21,536.18,536.18,5,5,8.59,8.59,6743.54,6743.54,36.09,36.09,,,,21,536.18,5,8.59,6743.54,36.09,
260,17,89.76,0,0,1678.99,4102.43,17,17,1678.99,1678.99,0,0,0,0,4102.43,4102.43,89.76,89.76,,,,17,1678.99,0,0,4102.43,89.76,
261,3,13.92,3,13.92,241.28,2032.29,3,3,241.28,241.28,3,3,13.92,13.92,2032.29,2032.29,13.92,13.92,,,,3,241.28,3,13.92,2032.29,13.92,
262,5,33.55,7,46.97,972.89,7722.76,5,5,972.89,972.89,7,7,46.97,46.97,7722.76,7722.76,33.55,33.55,,,,5,972.89,7,46.97,7722.76,33.55,
263,2,18.13,0,0,90.65,2085.03,2,2,90.65,90.65,0,0,0,0,2085.03,2085.03,18.13,18.13,,,,2,90.65,0,0,2085.03,18.13,
264,3,14.42,6,28.83,1287.84,3061.03,3,3,1287.84,1287.84,6,6,28.83,28.83,3061.03,3061.03,14.42,14.42,,,,3,1287.84,6,28.83,3061.03,14.42,
265,7,14.26,5,10.18,136.48,5457.1,7,7,136.48,136.48,5,5,10.18,10.18,5457.1,5457.1,14.26,14.26,,,,7,136.48,5,10.18,5457.1,14.26,
266,28,60.3,5,10.77,488.86,5127.6,28,28,488.86,488.86,5,5,10.77,10.77,5127.6,5127.6,60.3,60.3,,,,28,488.86,5,10.77,5127.6,60.3,
267,6,41.55,8,55.41,609.46,8899.51,6,6,609.46,609.46,8,8,55.41,55.41,8899.51,8899.51,41.55,41.55,,,,6,609.46,8,55.41,8899.51,41.55,
268,NA,NA,5,31.47,NA,4852.11,0,0,223.06,367.13,5,5,31.47,31.47,4852.11,4852.11,0,54.14,,,,0,223.06,5,31.47,4852.11,0,
269,17,26.33,3,4.65,599.45,5636.7,17,17,599.45,599.45,3,3,4.65,4.65,5636.7,5636.7,26.33,26.33,,,,17,599.45,3,4.65,5636.7,26.33,
270,16,81.16,4,20.29,2018.97,6665.65,16,16,2018.97,2018.97,4,4,20.29,20.29,6665.65,6665.65,81.16,81.16,,,,16,2018.97,4,20.29,6665.65,81.16,
271,0,0,0,0,33.66,3322.75,0,0,33.66,33.66,0,0,0,0,3322.75,3322.75,0,0,,,,0,33.66,0,0,3322.75,0,
272,9,59.12,0,0,216.78,4920.19,9,9,216.78,216.78,0,0,0,0,4920.19,4920.19,59.12,59.12,,,,9,216.78,0,0,4920.19,59.12,
273,7,20.76,16,47.44,136.4,2570.87,7,7,136.4,136.4,16,16,47.44,47.44,2570.87,2570.87,20.76,20.76,,,,7,136.4,16,47.44,2570.87,20.76,
274,129,84.7,72,47.28,687.49,6957.6,129,129,687.49,687.49,72,72,47.28,47.28,6957.6,6957.6,84.7,84.7,,,,129,687.49,72,47.28,6957.6,84.7,
275,1,3.65,5,18.26,91.31,3360.24,1,1,91.31,91.31,5,5,18.26,18.26,3360.24,3360.24,3.65,3.65,,,,1,91.31,5,18.26,3360.24,3.65,
276,NA,NA,3,10.26,NA,2695.95,0,20,223.06,155.14,3,3,10.26,10.26,2695.95,2695.95,0,9.43,,,,0,223.06,3,10.26,2695.95,0,
277,NA,NA,58,40.64,NA,9522.57,0,8,223.06,338.62,58,58,40.64,40.64,9522.57,9522.57,0,0,,,,0,223.06,58,40.64,9522.57,0,
278,18,45.89,6,15.3,1664.84,3049.23,18,18,1664.84,1664.84,6,6,15.3,15.3,3049.23,3049.23,45.89,45.89,,,,18,1664.84,6,15.3,3049.23,45.89,
279,10,16.04,23,36.89,293.54,4252.35,10,10,293.54,293.54,23,23,36.89,36.89,4252.35,4252.35,16.04,16.04,,,,10,293.54,23,36.89,4252.35,16.04,
280,6,15.34,6,15.34,48.58,3809.48,6,6,48.58,48.58,6,6,15.34,15.34,3809.48,3809.48,15.34,15.34,,,,6,48.58,6,15.34,3809.48,15.34,
281,12,14.53,1,1.21,283.39,3105.21,12,12,283.39,283.39,1,1,1.21,1.21,3105.21,3105.21,14.53,14.53,,,,12,283.39,1,1.21,3105.21,14.53,
282,2,11.21,1,5.61,302.76,2315.54,2,2,302.76,302.76,1,1,5.61,5.61,2315.54,2315.54,11.21,11.21,,,,2,302.76,1,5.61,2315.54,11.21,
283,NA,NA,19,20.52,NA,2639.54,0,3,223.06,1333.23,19,19,20.52,20.52,2639.54,2639.54,0,58.74,,,,0,223.06,19,20.52,2639.54,0,
284,1,4.52,26,117.6,918.22,4758.46,1,1,918.22,918.22,26,26,117.6,117.6,4758.46,4758.46,4.52,4.52,,,,1,918.22,26,117.6,4758.46,4.52,
285,2,14.41,1,7.2,86.45,3385.92,2,2,86.45,86.45,1,1,7.2,7.2,3385.92,3385.92,14.41,14.41,,,,2,86.45,1,7.2,3385.92,14.41,
286,16,66.54,43,178.84,1185.33,8754.78,16,16,1185.33,1185.33,43,43,178.84,178.84,8754.78,8754.78,66.54,66.54,,,,16,1185.33,43,178.84,8754.78,66.54,
287,24,28.4,21,24.85,369.24,3235.58,24,24,369.24,369.24,21,21,24.85,24.85,3235.58,3235.58,28.4,28.4,,,,24,369.24,21,24.85,3235.58,28.4,
288,NA,NA,10,17.38,NA,3238.42,0,30,223.06,530.22,10,10,17.38,17.38,3238.42,3238.42,0,52.11,,,,0,223.06,10,17.38,3238.42,0,
289,NA,NA,5,10.62,NA,2743.68,0,11,223.06,2209.01,5,5,10.62,10.62,2743.68,2743.68,0,25.56,,,,0,223.06,5,10.62,2743.68,0,
290,23,48.81,5,10.61,2047.92,6650.96,23,23,2047.92,2047.92,5,5,10.61,10.61,6650.96,6650.96,48.81,48.81,,,,23,2047.92,5,10.61,6650.96,48.81,
291,19,19.42,27,27.6,266.81,3574.9,19,19,266.81,266.81,27,27,27.6,27.6,3574.9,3574.9,19.42,19.42,,,,19,266.81,27,27.6,3574.9,19.42,
292,1,9.4,5,47.02,84.64,3348.07,1,1,84.64,84.64,5,5,47.02,47.02,3348.07,3348.07,9.4,9.4,,,,1,84.64,5,47.02,3348.07,9.4,
293,23,70.54,9,27.6,644.09,7560.42,23,23,644.09,644.09,9,9,27.6,27.6,7560.42,7560.42,70.54,70.54,,,,23,644.09,9,27.6,7560.42,70.54,
294,29,42.33,14,20.43,458.28,5702.23,29,29,458.28,458.28,14,14,20.43,20.43,5702.23,5702.23,42.33,42.33,,,,29,458.28,14,20.43,5702.23,42.33,
295,265,84.5,NA,NA,874.69,NA,265,265,874.69,874.69,0,3,0,24.88,2246.14,4933.82,84.5,84.5,,,,265,874.69,0,0,2246.14,84.5,
296,1,6.99,0,0,160.76,1579.65,1,1,160.76,160.76,0,0,0,0,1579.65,1579.65,6.99,6.99,,,,1,160.76,0,0,1579.65,6.99,
297,3,8.44,0,0,NA,4127.54,3,3,223.06,1527.29,0,0,0,0,4127.54,4127.54,8.44,8.44,,,,3,223.06,0,0,4127.54,8.44,
298,17,55.72,58,190.11,1379.97,6667.1,17,17,1379.97,1379.97,58,58,190.11,190.11,6667.1,6667.1,55.72,55.72,,,,17,1379.97,58,190.11,6667.1,55.72,
299,204,116.06,80,45.52,797.66,9746.54,204,204,797.66,797.66,80,80,45.52,45.52,9746.54,9746.54,116.06,116.06,,,,204,797.66,80,45.52,9746.54,116.06,
300,9,21.8,9,21.8,213.14,3415.12,9,9,213.14,213.14,9,9,21.8,21.8,3415.12,3415.12,21.8,21.8,,,,9,213.14,9,21.8,3415.12,21.8,
301,0,0,4,22.51,607.8,5183.18,0,0,607.8,607.8,4,4,22.51,22.51,5183.18,5183.18,0,0,,,,0,607.8,4,22.51,5183.18,0,
302,31,96.64,38,118.46,2758.9,9695.12,31,31,2758.9,2758.9,38,38,118.46,118.46,9695.12,9695.12,96.64,96.64,,,,31,2758.9,38,118.46,9695.12,96.64,
303,8,27.92,7,24.43,342.06,5755.67,8,8,342.06,342.06,7,7,24.43,24.43,5755.67,5755.67,27.92,27.92,,,,8,342.06,7,24.43,5755.67,27.92,
304,2,16.18,2,16.18,186.04,6834.91,2,2,186.04,186.04,2,2,16.18,16.18,6834.91,6834.91,16.18,16.18,,,,2,186.04,2,16.18,6834.91,16.18,
305,9,15.7,6,10.47,111.67,2364.17,9,9,111.67,111.67,6,6,10.47,10.47,2364.17,2364.17,15.7,15.7,,,,9,111.67,6,10.47,2364.17,15.7,
306,NA,NA,84,105.68,NA,7311.89,0,21,223.06,851.22,84,84,105.68,105.68,7311.89,7311.89,0,71.36,,,,0,223.06,84,105.68,7311.89,0,
307,0,0,0,0,353.42,3769.81,0,0,353.42,353.42,0,0,0,0,3769.81,3769.81,0,0,,,,0,353.42,0,0,3769.81,0,
308,0,0,7,36.83,1046.93,5808.08,0,0,1046.93,1046.93,7,7,36.83,36.83,5808.08,5808.08,0,0,,,,0,1046.93,7,36.83,5808.08,0,
309,5,42.44,NA,NA,551.69,NA,5,5,551.69,551.69,0,0,0,4.02,2246.14,3496.83,42.44,42.44,,,,5,551.69,0,0,2246.14,42.44,
310,14,51.45,48,176.41,782.8,5001.84,14,14,782.8,782.8,48,48,176.41,176.41,5001.84,5001.84,51.45,51.45,,,,14,782.8,48,176.41,5001.84,51.45,
311,18,77.12,0,0,2523.46,10385.16,18,18,2523.46,2523.46,0,0,0,0,10385.16,10385.16,77.12,77.12,,,,18,2523.46,0,0,10385.16,77.12,
312,5,26.46,6,31.75,280.44,1968.36,5,5,280.44,280.44,6,6,31.75,31.75,1968.36,1968.36,26.46,26.46,,,,5,280.44,6,31.75,1968.36,26.46,
313,NA,NA,12,21.58,NA,4838.22,0,0,223.06,220.3,12,12,21.58,21.58,4838.22,4838.22,0,57.16,,,,0,223.06,12,21.58,4838.22,0,
314,1,7.78,1,7.78,155.62,3906.01,1,1,155.62,155.62,1,1,7.78,7.78,3906.01,3906.01,7.78,7.78,,,,1,155.62,1,7.78,3906.01,7.78,
315,1,9.13,0,0,82.15,1579.19,1,1,82.15,82.15,0,0,0,0,1579.19,1579.19,9.13,9.13,,,,1,82.15,0,0,1579.19,9.13,
316,58,41.43,50,35.71,1201.33,5823.11,58,58,1201.33,1201.33,50,50,35.71,35.71,5823.11,5823.11,41.43,41.43,,,,58,1201.33,50,35.71,5823.11,41.43,
317,8,58.23,3,21.84,291.16,5553.94,8,8,291.16,291.16,3,3,21.84,21.84,5553.94,5553.94,58.23,58.23,,,,8,291.16,3,21.84,5553.94,58.23,
318,1,6.85,0,0,185.08,2796.82,1,1,185.08,185.08,0,0,0,0,2796.82,2796.82,6.85,6.85,,,,1,185.08,0,0,2796.82,6.85,
319,30,103.62,12,41.45,417.93,5253.52,30,30,417.93,417.93,12,12,41.45,41.45,5253.52,5253.52,103.62,103.62,,,,30,417.93,12,41.45,5253.52,103.62,
320,14,23.48,19,31.87,134.19,4198.4,14,14,134.19,134.19,19,19,31.87,31.87,4198.4,4198.4,23.48,23.48,,,,14,134.19,19,31.87,4198.4,23.48,
321,2,13.45,0,0,208.53,5596.66,2,2,208.53,208.53,0,0,0,0,5596.66,5596.66,13.45,13.45,,,,2,208.53,0,0,5596.66,13.45,
322,0,0,0,0,57.31,1690.74,0,0,57.31,57.31,0,0,0,0,1690.74,1690.74,0,0,,,,0,57.31,0,0,1690.74,0,
323,NA,NA,4,10.28,NA,4658.46,0,8,223.06,199.81,4,4,10.28,10.28,4658.46,4658.46,0,54.63,,,,0,223.06,4,10.28,4658.46,0,
324,7,28.97,1,4.14,446.95,5466.81,7,7,446.95,446.95,1,1,4.14,4.14,5466.81,5466.81,28.97,28.97,,,,7,446.95,1,4.14,5466.81,28.97,
325,4,17.69,7,30.95,154.77,5576.19,4,4,154.77,154.77,7,7,30.95,30.95,5576.19,5576.19,17.69,17.69,,,,4,154.77,7,30.95,5576.19,17.69,
326,8,39.04,12,58.55,121.99,3635.21,8,8,121.99,121.99,12,12,58.55,58.55,3635.21,3635.21,39.04,39.04,,,,8,121.99,12,58.55,3635.21,39.04,
327,2,7.31,0,0,73.07,1633.06,2,2,73.07,73.07,0,0,0,0,1633.06,1633.06,7.31,7.31,,,,2,73.07,0,0,1633.06,7.31,
328,0,0,0,0,65.46,2475.6,0,0,65.46,65.46,0,0,0,0,2475.6,2475.6,0,0,,,,0,65.46,0,0,2475.6,0,
329,10,43.89,4,17.56,535.49,5174.91,10,10,535.49,535.49,4,4,17.56,17.56,5174.91,5174.91,43.89,43.89,,,,10,535.49,4,17.56,5174.91,43.89,
330,0,0,6,22.62,252.63,2869.42,0,0,252.63,252.63,6,6,22.62,22.62,2869.42,2869.42,0,0,,,,0,252.63,6,22.62,2869.42,0,
331,38,63.38,26,43.37,1756.32,8930.03,38,38,1756.32,1756.32,26,26,43.37,43.37,8930.03,8930.03,63.38,63.38,,,,38,1756.32,26,43.37,8930.03,63.38,
332,6,26.01,2,8.67,212.45,1634.58,6,6,212.45,212.45,2,2,8.67,8.67,1634.58,1634.58,26.01,26.01,,,,6,212.45,2,8.67,1634.58,26.01,
333,1,6.15,0,0,36.89,2391.49,1,1,36.89,36.89,0,0,0,0,2391.49,2391.49,6.15,6.15,,,,1,36.89,0,0,2391.49,6.15,
334,NA,NA,5,40.12,NA,6876.35,0,3,223.06,205.49,5,5,40.12,40.12,6876.35,6876.35,0,3.38,,,,0,223.06,5,40.12,6876.35,0,
335,2,7.85,2,7.85,368.76,2032.09,2,2,368.76,368.76,2,2,7.85,7.85,2032.09,2032.09,7.85,7.85,,,,2,368.76,2,7.85,2032.09,7.85,
336,27,117.11,22,95.42,1439.97,8245.14,27,27,1439.97,1439.97,22,22,95.42,95.42,8245.14,8245.14,117.11,117.11,,,,27,1439.97,22,95.42,8245.14,117.11,
337,4,14.4,9,32.39,273.51,4322.17,4,4,273.51,273.51,9,9,32.39,32.39,4322.17,4322.17,14.4,14.4,,,,4,273.51,9,32.39,4322.17,14.4,
338,0,0,0,0,75.52,3295.57,0,0,75.52,75.52,0,0,0,0,3295.57,3295.57,0,0,,,,0,75.52,0,0,3295.57,0,
339,2,7.16,0,0,71.56,1703.16,2,2,71.56,71.56,0,0,0,0,1703.16,1703.16,7.16,7.16,,,,2,71.56,0,0,1703.16,7.16,
340,0,0,8,51.75,310.48,4482.54,0,0,310.48,310.48,8,8,51.75,51.75,4482.54,4482.54,0,0,,,,0,310.48,8,51.75,4482.54,0,
341,1,9.54,13,123.99,152.6,2784.93,1,1,152.6,152.6,13,13,123.99,123.99,2784.93,2784.93,9.54,9.54,,,,1,152.6,13,123.99,2784.93,9.54,
342,67,123.32,22,40.49,2105.73,7093.95,67,67,2105.73,2105.73,22,22,40.49,40.49,7093.95,7093.95,123.32,123.32,,,,67,2105.73,22,40.49,7093.95,123.32,
343,6,21.44,0,0,368.05,3541.18,6,6,368.05,368.05,0,0,0,0,3541.18,3541.18,21.44,21.44,,,,6,368.05,0,0,3541.18,21.44,
344,295,94.43,434,138.93,1933.77,8407.3,295,295,1933.77,1933.77,434,434,138.93,138.93,8407.3,8407.3,94.43,94.43,,,,295,1933.77,434,138.93,8407.3,94.43,
345,55,66.47,2,2.42,1363.32,9960.24,55,55,1363.32,1363.32,2,2,2.42,2.42,9960.24,9960.24,66.47,66.47,,,,55,1363.32,2,2.42,9960.24,66.47,
346,11,45.96,29,121.17,480.51,5214.56,11,11,480.51,480.51,29,29,121.17,121.17,5214.56,5214.56,45.96,45.96,,,,11,480.51,29,121.17,5214.56,45.96,
347,12,13.91,7,8.11,303.72,4529.07,12,12,303.72,303.72,7,7,8.11,8.11,4529.07,4529.07,13.91,13.91,,,,12,303.72,7,8.11,4529.07,13.91,
348,1,4.4,1,4.4,206.88,3913.02,1,1,206.88,206.88,1,1,4.4,4.4,3913.02,3913.02,4.4,4.4,,,,1,206.88,1,4.4,3913.02,4.4,
349,NA,NA,1219,122.23,NA,9544.8,0,3,223.06,1682.47,1219,1219,122.23,122.23,9544.8,9544.8,0,62.93,,,,0,223.06,1219,122.23,9544.8,0,
350,47,85.08,24,43.45,1846.45,10816.24,47,47,1846.45,1846.45,24,24,43.45,43.45,10816.24,10816.24,85.08,85.08,,,,47,1846.45,24,43.45,10816.24,85.08,
351,NA,NA,17,28.65,NA,4379.92,0,15,223.06,726.59,17,17,28.65,28.65,4379.92,4379.92,0,14.32,,,,0,223.06,17,28.65,4379.92,0,
352,33,58.68,NA,NA,1257.09,NA,33,33,1257.09,1257.09,0,1,0,0,2246.14,3752.41,58.68,58.68,,,,33,1257.09,0,0,2246.14,58.68,
353,24,28.07,13,15.2,776.61,6940.35,24,24,776.61,776.61,13,13,15.2,15.2,6940.35,6940.35,28.07,28.07,,,,24,776.61,13,15.2,6940.35,28.07,
354,2,8.77,4,17.53,319.99,4436.07,2,2,319.99,319.99,4,4,17.53,17.53,4436.07,4436.07,8.77,8.77,,,,2,319.99,4,17.53,4436.07,8.77,
355,28,54.05,13,25.09,1399.48,11091.59,28,28,1399.48,1399.48,13,13,25.09,25.09,11091.59,11091.59,54.05,54.05,,,,28,1399.48,13,25.09,11091.59,54.05,
356,0,0,3,22.87,442.24,1921.46,0,0,442.24,442.24,3,3,22.87,22.87,1921.46,1921.46,0,0,,,,0,442.24,3,22.87,1921.46,0,
357,0,0,0,0,173.77,2999.82,0,0,173.77,173.77,0,0,0,0,2999.82,2999.82,0,0,,,,0,173.77,0,0,2999.82,0,
358,14,69.17,2,9.88,765.85,5850.09,14,14,765.85,765.85,2,2,9.88,9.88,5850.09,5850.09,69.17,69.17,,,,14,765.85,2,9.88,5850.09,69.17,
359,1,7.2,2,14.4,NA,3879.65,1,1,223.06,143.18,2,2,14.4,14.4,3879.65,3879.65,7.2,7.2,,,,1,223.06,2,14.4,3879.65,7.2,
360,4,10.1,8,20.2,111.07,3115.14,4,4,111.07,111.07,8,8,20.2,20.2,3115.14,3115.14,10.1,10.1,,,,4,111.07,8,20.2,3115.14,10.1,
361,31,110.26,0,0,1454.74,16628.13,31,31,1454.74,1454.74,0,0,0,0,16628.13,16628.13,110.26,110.26,,,,31,1454.74,0,0,16628.13,110.26,
362,57,75.29,81,106.99,2541.38,6879.15,57,57,2541.38,2541.38,81,81,106.99,106.99,6879.15,6879.15,75.29,75.29,,,,57,2541.38,81,106.99,6879.15,75.29,
363,89,62.02,43,29.96,987.42,7902.86,89,89,987.42,987.42,43,43,29.96,29.96,7902.86,7902.86,62.02,62.02,,,,89,987.42,43,29.96,7902.86,62.02,
364,1,7.08,2,14.17,92.08,2075.36,1,1,92.08,92.08,2,2,14.17,14.17,2075.36,2075.36,7.08,7.08,,,,1,92.08,2,14.17,2075.36,7.08,
365,NA,NA,5,45.93,NA,6622.58,0,29,223.06,502.05,5,5,45.93,45.93,6622.58,6622.58,0,26.21,,,,0,223.06,5,45.93,6622.58,0,
366,NA,NA,13,26.86,NA,3481.98,0,0,223.06,3239.2,13,13,26.86,26.86,3481.98,3481.98,0,6.15,,,,0,223.06,13,26.86,3481.98,0,
367,52,103.59,8,15.94,1577.75,9695.61,52,52,1577.75,1577.75,8,8,15.94,15.94,9695.61,9695.61,103.59,103.59,,,,52,1577.75,8,15.94,9695.61,103.59,
368,20,79.79,3,11.97,1523.92,13751.15,20,20,1523.92,1523.92,3,3,11.97,11.97,13751.15,13751.15,79.79,79.79,,,,20,1523.92,3,11.97,13751.15,79.79,
369,7,33.62,0,0,619.51,3424.1,7,7,619.51,619.51,0,0,0,0,3424.1,3424.1,33.62,33.62,,,,7,619.51,0,0,3424.1,33.62,
370,0,0,6,10.11,52.25,2326.01,0,0,52.25,52.25,6,6,10.11,10.11,2326.01,2326.01,0,0,,,,0,52.25,6,10.11,2326.01,0,
371,167,44.43,164,43.64,1290.43,9258.87,167,167,1290.43,1290.43,164,164,43.64,43.64,9258.87,9258.87,44.43,44.43,,,,167,1290.43,164,43.64,9258.87,44.43,
372,45,62.2,15,20.73,1523.3,13032.36,45,45,1523.3,1523.3,15,15,20.73,20.73,13032.36,13032.36,62.2,62.2,,,,45,1523.3,15,20.73,13032.36,62.2,
373,26,32.46,25,31.21,288.4,3274.74,26,26,288.4,288.4,25,25,31.21,31.21,3274.74,3274.74,32.46,32.46,,,,26,288.4,25,31.21,3274.74,32.46,
374,0,0,0,0,73.23,421.09,0,0,73.23,73.23,0,0,0,0,421.09,421.09,0,0,,,,0,73.23,0,0,421.09,0,
375,25,57.78,23,53.16,524.67,6233.68,25,25,524.67,524.67,23,23,53.16,53.16,6233.68,6233.68,57.78,57.78,,,,25,524.67,23,53.16,6233.68,57.78,
376,45,71.14,NA,NA,491.66,NA,45,45,491.66,491.66,0,12,0,5.99,2246.14,6255.87,71.14,71.14,,,,45,491.66,0,0,2246.14,71.14,
377,1,5.04,1,5.04,80.61,2377.95,1,1,80.61,80.61,1,1,5.04,5.04,2377.95,2377.95,5.04,5.04,,,,1,80.61,1,5.04,2377.95,5.04,
378,29,95.34,24,78.91,2594.03,9360.21,29,29,2594.03,2594.03,24,24,78.91,78.91,9360.21,9360.21,95.34,95.34,,,,29,2594.03,24,78.91,9360.21,95.34,
379,27,29.23,28,30.31,1097.77,4261.17,27,27,1097.77,1097.77,28,28,30.31,30.31,4261.17,4261.17,29.23,29.23,,,,27,1097.77,28,30.31,4261.17,29.23,
380,507,110.14,419,91.02,1516.12,9393.66,507,507,1516.12,1516.12,419,419,91.02,91.02,9393.66,9393.66,110.14,110.14,,,,507,1516.12,419,91.02,9393.66,110.14,
381,1,3.35,0,0,951.3,8119.51,1,1,951.3,951.3,0,0,0,0,8119.51,8119.51,3.35,3.35,,,,1,951.3,0,0,8119.51,3.35,
382,2,13.58,NA,NA,373.54,NA,2,2,373.54,373.54,0,3,0,5.64,2246.14,5063.33,13.58,13.58,,,,2,373.54,0,0,2246.14,13.58,
383,4,29.08,3,21.81,189.01,3518.46,4,4,189.01,189.01,3,3,21.81,21.81,3518.46,3518.46,29.08,29.08,,,,4,189.01,3,21.81,3518.46,29.08,
384,10,20.53,13,26.68,743.07,5412.89,10,10,743.07,743.07,13,13,26.68,26.68,5412.89,5412.89,20.53,20.53,,,,10,743.07,13,26.68,5412.89,20.53,
385,1,3.81,8,30.51,228.86,4519.97,1,1,228.86,228.86,8,8,30.51,30.51,4519.97,4519.97,3.81,3.81,,,,1,228.86,8,30.51,4519.97,3.81,
386,0,0,0,0,7.79,116.79,0,0,7.79,7.79,0,0,0,0,116.79,116.79,0,0,,,,0,7.79,0,0,116.79,0,
387,7,51.25,7,51.25,995.75,6252.75,7,7,995.75,995.75,7,7,51.25,51.25,6252.75,6252.75,51.25,51.25,,,,7,995.75,7,51.25,6252.75,51.25,
388,25,35.2,40,56.32,387.2,4864.62,25,25,387.2,387.2,40,40,56.32,56.32,4864.62,4864.62,35.2,35.2,,,,25,387.2,40,56.32,4864.62,35.2,
389,13,39.57,3,9.13,328.75,4069.77,13,13,328.75,328.75,3,3,9.13,9.13,4069.77,4069.77,39.57,39.57,,,,13,328.75,3,9.13,4069.77,39.57,
390,6,24.68,3,12.34,1205.17,4972.85,6,6,1205.17,1205.17,3,3,12.34,12.34,4972.85,4972.85,24.68,24.68,,,,6,1205.17,3,12.34,4972.85,24.68,
391,7,18.28,5,13.06,509.18,6256.36,7,7,509.18,509.18,5,5,13.06,13.06,6256.36,6256.36,18.28,18.28,,,,7,509.18,5,13.06,6256.36,18.28,
392,NA,NA,8,25.28,NA,5306.57,0,1,223.06,1108.14,8,8,25.28,25.28,5306.57,5306.57,0,38.88,,,,0,223.06,8,25.28,5306.57,0,
393,11,30.35,8,22.07,140.72,2579.88,11,11,140.72,140.72,8,8,22.07,22.07,2579.88,2579.88,30.35,30.35,,,,11,140.72,8,22.07,2579.88,30.35,
394,18,57.74,17,54.53,878.94,4994.55,18,18,878.94,878.94,17,17,54.53,54.53,4994.55,4994.55,57.74,57.74,,,,18,878.94,17,54.53,4994.55,57.74,
395,13,24.9,7,13.41,294.92,3347.5,13,13,294.92,294.92,7,7,13.41,13.41,3347.5,3347.5,24.9,24.9,,,,13,294.92,7,13.41,3347.5,24.9,
396,2,14.77,5,36.91,155.04,3521.59,2,2,155.04,155.04,5,5,36.91,36.91,3521.59,3521.59,14.77,14.77,,,,2,155.04,5,36.91,3521.59,14.77,
397,NA,NA,4,35.75,NA,3038.43,0,3,223.06,358.97,4,4,35.75,35.75,3038.43,3038.43,0,28.5,,,,0,223.06,4,35.75,3038.43,0,
398,4,26.1,22,143.58,202.31,1461.85,4,4,202.31,202.31,22,22,143.58,143.58,1461.85,1461.85,26.1,26.1,,,,4,202.31,22,143.58,1461.85,26.1,
399,2,7.87,NA,NA,720.05,NA,2,2,720.05,720.05,0,13,0,0,2246.14,5755.48,7.87,7.87,,,,2,720.05,0,0,2246.14,7.87,
400,8,36.29,7,31.75,185.97,1560.37,8,8,185.97,185.97,7,7,31.75,31.75,1560.37,1560.37,36.29,36.29,,,,8,185.97,7,31.75,1560.37,36.29,
401,0,0,10,66.84,133.68,4398.1,0,0,133.68,133.68,10,10,66.84,66.84,4398.1,4398.1,0,0,,,,0,133.68,10,66.84,4398.1,0,
402,1,8.3,1,8.3,190.95,1992.53,1,1,190.95,190.95,1,1,8.3,8.3,1992.53,1992.53,8.3,8.3,,,,1,190.95,1,8.3,1992.53,8.3,
403,2,6.56,1,3.28,62.29,1331.02,2,2,62.29,62.29,1,1,3.28,3.28,1331.02,1331.02,6.56,6.56,,,,2,62.29,1,3.28,1331.02,6.56,
404,26,233.58,10,89.84,2650.26,16233.94,26,26,2650.26,2650.26,10,10,89.84,89.84,16233.94,16233.94,233.58,233.58,,,,26,2650.26,10,89.84,16233.94,233.58,
405,3,22.54,2,15.03,405.71,7505.63,3,3,405.71,405.71,2,2,15.03,15.03,7505.63,7505.63,22.54,22.54,,,,3,405.71,2,15.03,7505.63,22.54,
406,11,35,0,0,264.07,4088.32,11,11,264.07,264.07,0,0,0,0,4088.32,4088.32,35,35,,,,11,264.07,0,0,4088.32,35,
407,20,84.41,7,29.54,485.38,8352.68,20,20,485.38,485.38,7,7,29.54,29.54,8352.68,8352.68,84.41,84.41,,,,20,485.38,7,29.54,8352.68,84.41,
408,3,14.18,3,14.18,103.96,1960.97,3,3,103.96,103.96,3,3,14.18,14.18,1960.97,1960.97,14.18,14.18,,,,3,103.96,3,14.18,1960.97,14.18,
409,3,19.15,9,57.45,1640.6,4857.96,3,3,1640.6,1640.6,9,9,57.45,57.45,4857.96,4857.96,19.15,19.15,,,,3,1640.6,9,57.45,4857.96,19.15,
410,4,21.73,1,5.43,217.26,3590.24,4,4,217.26,217.26,1,1,5.43,5.43,3590.24,3590.24,21.73,21.73,,,,4,217.26,1,5.43,3590.24,21.73,
411,8,67.74,2,16.94,279.45,4293.34,8,8,279.45,279.45,2,2,16.94,16.94,4293.34,4293.34,67.74,67.74,,,,8,279.45,2,16.94,4293.34,67.74,
412,17,38.14,11,24.68,567.54,5334.47,17,17,567.54,567.54,11,11,24.68,24.68,5334.47,5334.47,38.14,38.14,,,,17,567.54,11,24.68,5334.47,38.14,
413,75,70.02,33,30.81,269.82,2762.66,75,75,269.82,269.82,33,33,30.81,30.81,2762.66,2762.66,70.02,70.02,,,,75,269.82,33,30.81,2762.66,70.02,
414,NA,NA,5,24.1,NA,2607.86,0,24,223.06,2507.51,5,5,24.1,24.1,2607.86,2607.86,0,13.61,,,,0,223.06,5,24.1,2607.86,0,
415,14,35.52,12,30.45,880.44,5158.33,14,14,880.44,880.44,12,12,30.45,30.45,5158.33,5158.33,35.52,35.52,,,,14,880.44,12,30.45,5158.33,35.52,
416,3,20.5,NA,NA,703.74,NA,3,3,703.74,703.74,0,106,0,88.49,2246.14,7553.59,20.5,20.5,,,,3,703.74,0,0,2246.14,20.5,
417,104,98.09,62,58.48,1093.15,8755.56,104,104,1093.15,1093.15,62,62,58.48,58.48,8755.56,8755.56,98.09,98.09,,,,104,1093.15,62,58.48,8755.56,98.09,
418,11,86.07,7,54.77,1095.46,8356.81,11,11,1095.46,1095.46,7,7,54.77,54.77,8356.81,8356.81,86.07,86.07,,,,11,1095.46,7,54.77,8356.81,86.07,
419,0,0,0,0,178.57,3890.98,0,0,178.57,178.57,0,0,0,0,3890.98,3890.98,0,0,,,,0,178.57,0,0,3890.98,0,
420,NA,NA,14,47.04,NA,5090.9,0,33,223.06,228.86,14,14,47.04,47.04,5090.9,5090.9,0,13.24,,,,0,223.06,14,47.04,5090.9,0,
421,0,0,4,30.79,138.57,6497.31,0,0,138.57,138.57,4,4,30.79,30.79,6497.31,6497.31,0,0,,,,0,138.57,4,30.79,6497.31,0,
422,4,24.25,4,24.25,181.86,2837.05,4,4,181.86,181.86,4,4,24.25,24.25,2837.05,2837.05,24.25,24.25,,,,4,181.86,4,24.25,2837.05,24.25,
423,26,30.97,36,42.89,1380.76,4782.04,26,26,1380.76,1380.76,36,36,42.89,42.89,4782.04,4782.04,30.97,30.97,,,,26,1380.76,36,42.89,4782.04,30.97,
424,25,41.57,32,53.21,1486.61,8773.3,25,25,1486.61,1486.61,32,32,53.21,53.21,8773.3,8773.3,41.57,41.57,,,,25,1486.61,32,53.21,8773.3,41.57,
425,60,96.87,33,53.28,2423.47,9811.74,60,60,2423.47,2423.47,33,33,53.28,53.28,9811.74,9811.74,96.87,96.87,,,,60,2423.47,33,53.28,9811.74,96.87,
426,4,11.93,1,2.98,772.3,7242.96,4,4,772.3,772.3,1,1,2.98,2.98,7242.96,7242.96,11.93,11.93,,,,4,772.3,1,2.98,7242.96,11.93,
427,3,5.3,10,17.68,758.39,8050.63,3,3,758.39,758.39,10,10,17.68,17.68,8050.63,8050.63,5.3,5.3,,,,3,758.39,10,17.68,8050.63,5.3,
428,6,36.12,1,6.02,234.77,5116.78,6,6,234.77,234.77,1,1,6.02,6.02,5116.78,5116.78,36.12,36.12,,,,6,234.77,1,6.02,5116.78,36.12,
429,2,17.88,NA,NA,116.21,NA,2,2,116.21,116.21,0,1,0,10.84,2246.14,2833.17,17.88,17.88,,,,2,116.21,0,0,2246.14,17.88,
430,28,68.01,15,36.43,699.49,6028.22,28,28,699.49,699.49,15,15,36.43,36.43,6028.22,6028.22,68.01,68.01,,,,28,699.49,15,36.43,6028.22,68.01,
431,10,45.92,2,9.18,225.01,7833.95,10,10,225.01,225.01,2,2,9.18,9.18,7833.95,7833.95,45.92,45.92,,,,10,225.01,2,9.18,7833.95,45.92,
432,5,36.3,1,7.26,500.94,1989.26,5,5,500.94,500.94,1,1,7.26,7.26,1989.26,1989.26,36.3,36.3,,,,5,500.94,1,7.26,1989.26,36.3,
433,4,9.95,6,14.92,106.93,2511.63,4,4,106.93,106.93,6,6,14.92,14.92,2511.63,2511.63,9.95,9.95,,,,4,106.93,6,14.92,2511.63,9.95,
434,5,13.66,6,16.4,284.21,2828.41,5,5,284.21,284.21,6,6,16.4,16.4,2828.41,2828.41,13.66,13.66,,,,5,284.21,6,16.4,2828.41,13.66,
435,2,14.04,NA,NA,667.04,NA,2,2,667.04,667.04,0,1,0,0,2246.14,2064.9,14.04,14.04,,,,2,667.04,0,0,2246.14,14.04,
436,1,5.93,2,11.87,634.79,7937.83,1,1,634.79,634.79,2,2,11.87,11.87,7937.83,7937.83,5.93,5.93,,,,1,634.79,2,11.87,7937.83,5.93,
437,0,0,0,0,NA,NA,0,0,223.06,103.28,0,0,0,0,2246.14,2938.45,0,0,,,,0,223.06,0,0,2246.14,0,
438,2,9.52,0,0,52.35,1380.23,2,2,52.35,52.35,0,0,0,0,1380.23,1380.23,9.52,9.52,,,,2,52.35,0,0,1380.23,9.52,
439,1,5.41,2,10.81,264.97,5531.82,1,1,264.97,264.97,2,2,10.81,10.81,5531.82,5531.82,5.41,5.41,,,,1,264.97,2,10.81,5531.82,5.41,
440,15,45.12,NA,NA,339.92,NA,15,15,339.92,339.92,0,6,0,49.23,2246.14,6915.98,45.12,45.12,,,,15,339.92,0,0,2246.14,45.12,
441,1,8.1,4,32.41,81.02,1531.36,1,1,81.02,81.02,4,4,32.41,32.41,1531.36,1531.36,8.1,8.1,,,,1,81.02,4,32.41,1531.36,8.1,
442,1,7.01,0,0,140.18,4247.56,1,1,140.18,140.18,0,0,0,0,4247.56,4247.56,7.01,7.01,,,,1,140.18,0,0,4247.56,7.01,
443,29,55.04,15,28.47,1195.76,6305.28,29,29,1195.76,1195.76,15,15,28.47,28.47,6305.28,6305.28,55.04,55.04,,,,29,1195.76,15,28.47,6305.28,55.04,
444,0,0,1,7.09,63.81,453.77,0,0,63.81,63.81,1,1,7.09,7.09,453.77,453.77,0,0,,,,0,63.81,1,7.09,453.77,0,
445,7,25.38,2,7.25,264.67,2472.72,7,7,264.67,264.67,2,2,7.25,7.25,2472.72,2472.72,25.38,25.38,,,,7,264.67,2,7.25,2472.72,25.38,
446,2,16.58,2,16.58,99.47,2138.59,2,2,99.47,99.47,2,2,16.58,16.58,2138.59,2138.59,16.58,16.58,,,,2,99.47,2,16.58,2138.59,16.58,
447,2,10.32,4,20.64,443.73,5737.58,2,2,443.73,443.73,4,4,20.64,20.64,5737.58,5737.58,10.32,10.32,,,,2,443.73,4,20.64,5737.58,10.32,
448,10,47.91,3,14.37,201.24,3085.62,10,10,201.24,201.24,3,3,14.37,14.37,3085.62,3085.62,47.91,47.91,,,,10,201.24,3,14.37,3085.62,47.91,
449,9,53.62,2,11.92,208.53,2818.16,9,9,208.53,208.53,2,2,11.92,11.92,2818.16,2818.16,53.62,53.62,,,,9,208.53,2,11.92,2818.16,53.62,
450,12,30.65,69,176.23,168.57,4627.88,12,12,168.57,168.57,69,69,176.23,176.23,4627.88,4627.88,30.65,30.65,,,,12,168.57,69,176.23,4627.88,30.65,
451,2,7.17,2,7.17,426.57,4262.11,2,2,426.57,426.57,2,2,7.17,7.17,4262.11,4262.11,7.17,7.17,,,,2,426.57,2,7.17,4262.11,7.17,
452,0,0,5,41.27,354.96,4424.63,0,0,354.96,354.96,5,5,41.27,41.27,4424.63,4424.63,0,0,,,,0,354.96,5,41.27,4424.63,0,
453,0,0,0,0,339.73,4416.49,0,0,339.73,339.73,0,0,0,0,4416.49,4416.49,0,0,,,,0,339.73,0,0,4416.49,0,
454,0,0,1,5.94,47.5,2707.68,0,0,47.5,47.5,1,1,5.94,5.94,2707.68,2707.68,0,0,,,,0,47.5,1,5.94,2707.68,0,
455,361,48.89,488,66.09,1810.07,7754.23,361,361,1810.07,1810.07,488,488,66.09,66.09,7754.23,7754.23,48.89,48.89,,,,361,1810.07,488,66.09,7754.23,48.89,
456,18,40.12,22,49.03,686.47,5304.57,18,18,686.47,686.47,22,22,49.03,49.03,5304.57,5304.57,40.12,40.12,,,,18,686.47,22,49.03,5304.57,40.12,
457,18,38.24,26,55.24,220.96,4890.8,18,18,220.96,220.96,26,26,55.24,55.24,4890.8,4890.8,38.24,38.24,,,,18,220.96,26,55.24,4890.8,38.24,
458,13,79.42,7,42.76,2089.32,12658.07,13,13,2089.32,2089.32,7,7,42.76,42.76,12658.07,12658.07,79.42,79.42,,,,13,2089.32,7,42.76,12658.07,79.42,
459,NA,NA,3,29.01,NA,4002.71,0,4,223.06,864.36,3,3,29.01,29.01,4002.71,4002.71,0,47.52,,,,0,223.06,3,29.01,4002.71,0,
460,6,19.14,11,35.08,494.37,2730.2,6,6,494.37,494.37,11,11,35.08,35.08,2730.2,2730.2,19.14,19.14,,,,6,494.37,11,35.08,2730.2,19.14,
461,5,8.78,9,15.81,332,4526.77,5,5,332,332,9,9,15.81,15.81,4526.77,4526.77,8.78,8.78,,,,5,332,9,15.81,4526.77,8.78,
462,49,56.01,137,156.6,1651.73,10954,49,49,1651.73,1651.73,137,137,156.6,156.6,10954,10954,56.01,56.01,,,,49,1651.73,137,156.6,10954,56.01,
463,0,0,4,18.14,9.07,1324.5,0,0,9.07,9.07,4,4,18.14,18.14,1324.5,1324.5,0,0,,,,0,9.07,4,18.14,1324.5,0,
464,12,58.73,30,146.83,161.51,5594.17,12,12,161.51,161.51,30,30,146.83,146.83,5594.17,5594.17,58.73,58.73,,,,12,161.51,30,146.83,5594.17,58.73,
465,0,0,1,8.42,168.48,2822,0,0,168.48,168.48,1,1,8.42,8.42,2822,2822,0,0,,,,0,168.48,1,8.42,2822,0,
466,22,28.84,8,10.49,602.99,4846.24,22,22,602.99,602.99,8,8,10.49,10.49,4846.24,4846.24,28.84,28.84,,,,22,602.99,8,10.49,4846.24,28.84,
467,52,65,29,36.25,342.53,4705.35,52,52,342.53,342.53,29,29,36.25,36.25,4705.35,4705.35,65,65,,,,52,342.53,29,36.25,4705.35,65,
468,59,54.34,63,58.02,770.88,4328.73,59,59,770.88,770.88,63,63,58.02,58.02,4328.73,4328.73,54.34,54.34,,,,59,770.88,63,58.02,4328.73,54.34,
469,36,39.77,10,11.05,157.99,3935.3,36,36,157.99,157.99,10,10,11.05,11.05,3935.3,3935.3,39.77,39.77,,,,36,157.99,10,11.05,3935.3,39.77,
470,7,18.71,20,53.45,374.18,6406.52,7,7,374.18,374.18,20,20,53.45,53.45,6406.52,6406.52,18.71,18.71,,,,7,374.18,20,53.45,6406.52,18.71,
471,NA,NA,79,41.26,NA,6864.2,0,4,223.06,79.71,79,79,41.26,41.26,6864.2,6864.2,0,3.54,,,,0,223.06,79,41.26,6864.2,0,
472,16,138.7,9,78.02,468.1,4776.35,16,16,468.1,468.1,9,9,78.02,78.02,4776.35,4776.35,138.7,138.7,,,,16,468.1,9,78.02,4776.35,138.7,
473,NA,NA,3,13.52,NA,3168.95,0,1,223.06,1300.88,3,3,13.52,13.52,3168.95,3168.95,0,13.19,,,,0,223.06,3,13.52,3168.95,0,
474,12,41.11,3,10.28,352.88,7276.96,12,12,352.88,352.88,3,3,10.28,10.28,7276.96,7276.96,41.11,41.11,,,,12,352.88,3,10.28,7276.96,41.11,
475,25,43.02,8,13.77,533.46,5551.44,25,25,533.46,533.46,8,8,13.77,13.77,5551.44,5551.44,43.02,43.02,,,,25,533.46,8,13.77,5551.44,43.02,
476,3,26.28,0,0,70.08,2531.53,3,3,70.08,70.08,0,0,0,0,2531.53,2531.53,26.28,26.28,,,,3,70.08,0,0,2531.53,26.28,
477,11,13.29,11,13.29,305.77,5248.85,11,11,305.77,305.77,11,11,13.29,13.29,5248.85,5248.85,13.29,13.29,,,,11,305.77,11,13.29,5248.85,13.29,
478,12,34.3,17,48.59,122.91,3126.97,12,12,122.91,122.91,17,17,48.59,48.59,3126.97,3126.97,34.3,34.3,,,,12,122.91,17,48.59,3126.97,34.3,
479,2,12.85,0,0,571.65,3706.08,2,2,571.65,571.65,0,0,0,0,3706.08,3706.08,12.85,12.85,,,,2,571.65,0,0,3706.08,12.85,
480,0,0,4,37.95,47.43,2921.92,0,0,47.43,47.43,4,4,37.95,37.95,2921.92,2921.92,0,0,,,,0,47.43,4,37.95,2921.92,0,
481,0,0,2,9.24,9.24,1223.96,0,0,9.24,9.24,2,2,9.24,9.24,1223.96,1223.96,0,0,,,,0,9.24,2,9.24,1223.96,0,
482,5,20.77,0,0,1121.64,5014.12,5,5,1121.64,1121.64,0,0,0,0,5014.12,5014.12,20.77,20.77,,,,5,1121.64,0,0,5014.12,20.77,
483,3,11.08,1,3.69,195.71,2802.7,3,3,195.71,195.71,1,1,3.69,3.69,2802.7,2802.7,11.08,11.08,,,,3,195.71,1,3.69,2802.7,11.08,
484,5,39.05,4,31.24,851.23,5138.62,5,5,851.23,851.23,4,4,31.24,31.24,5138.62,5138.62,39.05,39.05,,,,5,851.23,4,31.24,5138.62,39.05,
485,10,42.78,NA,NA,333.66,NA,10,10,333.66,333.66,0,173,0,61.33,2246.14,2506.06,42.78,42.78,,,,10,333.66,0,0,2246.14,42.78,
486,393,77.69,440,86.98,1038.27,6915.98,393,393,1038.27,1038.27,440,440,86.98,86.98,6915.98,6915.98,77.69,77.69,,,,393,1038.27,440,86.98,6915.98,77.69,
487,2,19.2,1,9.6,499.33,2669.48,2,2,499.33,499.33,1,1,9.6,9.6,2669.48,2669.48,19.2,19.2,,,,2,499.33,1,9.6,2669.48,19.2,
488,0,0,0,0,310.85,1318.76,0,0,310.85,310.85,0,0,0,0,1318.76,1318.76,0,0,,,,0,310.85,0,0,1318.76,0,
489,24,56,8,18.67,331.36,3903.95,24,24,331.36,331.36,8,8,18.67,18.67,3903.95,3903.95,56,56,,,,24,331.36,8,18.67,3903.95,56,
490,26,32.88,46,58.18,599.49,5782.44,26,26,599.49,599.49,46,46,58.18,58.18,5782.44,5782.44,32.88,32.88,,,,26,599.49,46,58.18,5782.44,32.88,
491,4,26.77,1,6.69,260.97,5366.7,4,4,260.97,260.97,1,1,6.69,6.69,5366.7,5366.7,26.77,26.77,,,,4,260.97,1,6.69,5366.7,26.77,
492,5,12.1,13,31.45,87.1,2893.5,5,5,87.1,87.1,13,13,31.45,31.45,2893.5,2893.5,12.1,12.1,,,,5,87.1,13,31.45,2893.5,12.1,
493,8,19.48,9,21.91,477.21,4535.94,8,8,477.21,477.21,9,9,21.91,21.91,4535.94,4535.94,19.48,19.48,,,,8,477.21,9,21.91,4535.94,19.48,
494,4,19.07,3,14.3,290.85,2550.9,4,4,290.85,290.85,3,3,14.3,14.3,2550.9,2550.9,19.07,19.07,,,,4,290.85,3,14.3,2550.9,19.07,
495,21,38.35,18,32.87,1073.8,6101.28,21,21,1073.8,1073.8,18,18,32.87,32.87,6101.28,6101.28,38.35,38.35,,,,21,1073.8,18,32.87,6101.28,38.35,
496,NA,NA,3,21.96,NA,7430.45,0,1,223.06,933.19,3,3,21.96,21.96,7430.45,7430.45,0,15.7,,,,0,223.06,3,21.96,7430.45,0,
497,45,77.83,30,51.89,875.19,6934.07,45,45,875.19,875.19,30,30,51.89,51.89,6934.07,6934.07,77.83,77.83,,,,45,875.19,30,51.89,6934.07,77.83,
498,30,41.17,14,19.21,889.17,5763.14,30,30,889.17,889.17,14,14,19.21,19.21,5763.14,5763.14,41.17,41.17,,,,30,889.17,14,19.21,5763.14,41.17,
499,0,0,0,0,351.8,775.57,0,0,351.8,351.8,0,0,0,0,775.57,775.57,0,0,,,,0,351.8,0,0,775.57,0,
500,4,28.22,3,21.17,536.23,2173.15,4,4,536.23,536.23,3,3,21.17,21.17,2173.15,2173.15,28.22,28.22,,,,4,536.23,3,21.17,2173.15,28.22,
501,4,7.86,21,41.25,398.76,4482.6,4,4,398.76,398.76,21,21,41.25,41.25,4482.6,4482.6,7.86,7.86,,,,4,398.76,21,41.25,4482.6,7.86,
502,3,11.32,0,0,200.02,1377.51,3,3,200.02,200.02,0,0,0,0,1377.51,1377.51,11.32,11.32,,,,3,200.02,0,0,1377.51,11.32,
503,19,48.06,15,37.94,1449.39,10937.42,19,19,1449.39,1449.39,15,15,37.94,37.94,10937.42,10937.42,48.06,48.06,,,,19,1449.39,15,37.94,10937.42,48.06,
504,NA,NA,1,3.26,NA,1655.37,0,12,223.06,234.82,1,1,3.26,3.26,1655.37,1655.37,0,11.49,,,,0,223.06,1,3.26,1655.37,0,
505,31,78.18,10,25.22,950.75,7159.61,31,31,950.75,950.75,10,10,25.22,25.22,7159.61,7159.61,78.18,78.18,,,,31,950.75,10,25.22,7159.61,78.18,
506,30,63.88,19,40.46,1239.22,4682.21,30,30,1239.22,1239.22,19,19,40.46,40.46,4682.21,4682.21,63.88,63.88,,,,30,1239.22,19,40.46,4682.21,63.88,
507,3,14.09,7,32.88,103.33,2014.94,3,3,103.33,103.33,7,7,32.88,32.88,2014.94,2014.94,14.09,14.09,,,,3,103.33,7,32.88,2014.94,14.09,
508,10,52.71,9,47.44,326.81,5998.63,10,10,326.81,326.81,9,9,47.44,47.44,5998.63,5998.63,52.71,52.71,,,,10,326.81,9,47.44,5998.63,52.71,
509,9,24.4,1,2.71,89.45,3588.95,9,9,89.45,89.45,1,1,2.71,2.71,3588.95,3588.95,24.4,24.4,,,,9,89.45,1,2.71,3588.95,24.4,
510,1,4,NA,NA,187.87,NA,1,1,187.87,187.87,0,0,0,3.44,2246.14,5473.6,4,4,,,,1,187.87,0,0,2246.14,4,
511,NA,NA,3,9.46,NA,6946.59,0,2,223.06,224.8,3,3,9.46,9.46,6946.59,6946.59,0,55.6,,,,0,223.06,3,9.46,6946.59,0,
512,103,56.93,63,34.82,845.63,5590.56,103,103,845.63,845.63,63,63,34.82,34.82,5590.56,5590.56,56.93,56.93,,,,103,845.63,63,34.82,5590.56,56.93,
513,1,6.57,0,0,341.75,900.37,1,1,341.75,341.75,0,0,0,0,900.37,900.37,6.57,6.57,,,,1,341.75,0,0,900.37,6.57,
514,2,8.61,1,4.31,103.35,2381.26,2,2,103.35,103.35,1,1,4.31,4.31,2381.26,2381.26,8.61,8.61,,,,2,103.35,1,4.31,2381.26,8.61,
515,8,33.94,89,377.61,895.24,5965.46,8,8,895.24,895.24,89,89,377.61,377.61,5965.46,5965.46,33.94,33.94,,,,8,895.24,89,377.61,5965.46,33.94,
516,4,22.19,0,0,1647.53,6002.11,4,4,1647.53,1647.53,0,0,0,0,6002.11,6002.11,22.19,22.19,,,,4,1647.53,0,0,6002.11,22.19,
517,0,0,0,0,62.14,675.73,0,0,62.14,62.14,0,0,0,0,675.73,675.73,0,0,,,,0,62.14,0,0,675.73,0,
518,8,59.96,14,104.92,936.82,8086.64,8,8,936.82,936.82,14,14,104.92,104.92,8086.64,8086.64,59.96,59.96,,,,8,936.82,14,104.92,8086.64,59.96,
519,5,39.97,0,0,295.76,3469.22,5,5,295.76,295.76,0,0,0,0,3469.22,3469.22,39.97,39.97,,,,5,295.76,0,0,3469.22,39.97,
520,NA,NA,11,47.58,NA,8234.94,0,19,223.06,293.41,11,11,47.58,47.58,8234.94,8234.94,0,45.31,,,,0,223.06,11,47.58,8234.94,0,
521,8,29.45,6,22.09,261.4,3700.16,8,8,261.4,261.4,6,6,22.09,22.09,3700.16,3700.16,29.45,29.45,,,,8,261.4,6,22.09,3700.16,29.45,
522,3,14.28,3,14.28,114.23,1975.16,3,3,114.23,114.23,3,3,14.28,14.28,1975.16,1975.16,14.28,14.28,,,,3,114.23,3,14.28,1975.16,14.28,
523,11,73.71,25,167.52,683.46,4670.33,11,11,683.46,683.46,25,25,167.52,167.52,4670.33,4670.33,73.71,73.71,,,,11,683.46,25,167.52,4670.33,73.71,
524,19,22.4,33,38.9,544.59,4062,19,19,544.59,544.59,33,33,38.9,38.9,4062,4062,22.4,22.4,,,,19,544.59,33,38.9,4062,22.4,
525,14,36.6,35,91.49,1280.84,4561.38,14,14,1280.84,1280.84,35,35,91.49,91.49,4561.38,4561.38,36.6,36.6,,,,14,1280.84,35,91.49,4561.38,36.6,
526,26,73.4,75,211.74,1428.53,6575.2,26,26,1428.53,1428.53,75,75,211.74,211.74,6575.2,6575.2,73.4,73.4,,,,26,1428.53,75,211.74,6575.2,73.4,
527,8,58.06,3,21.77,137.89,2590.9,8,8,137.89,137.89,3,3,21.77,21.77,2590.9,2590.9,58.06,58.06,,,,8,137.89,3,21.77,2590.9,58.06,
528,3,24.93,0,0,1329.57,5675.59,3,3,1329.57,1329.57,0,0,0,0,5675.59,5675.59,24.93,24.93,,,,3,1329.57,0,0,5675.59,24.93,
529,1,5.29,0,0,116.35,3601.46,1,1,116.35,116.35,0,0,0,0,3601.46,3601.46,5.29,5.29,,,,1,116.35,0,0,3601.46,5.29,
530,17,19.83,48,56,423.52,4252.66,17,17,423.52,423.52,48,48,56,56,4252.66,4252.66,19.83,19.83,,,,17,423.52,48,56,4252.66,19.83,
531,0,0,0,0,210.18,1719.69,0,0,210.18,210.18,0,0,0,0,1719.69,1719.69,0,0,,,,0,210.18,0,0,1719.69,0,
532,11,24.24,7,15.43,152.07,3321.36,11,11,152.07,152.07,7,7,15.43,15.43,3321.36,3321.36,24.24,24.24,,,,11,152.07,7,15.43,3321.36,24.24,
533,66,87.51,23,30.5,690.79,7070.97,66,66,690.79,690.79,23,23,30.5,30.5,7070.97,7070.97,87.51,87.51,,,,66,690.79,23,30.5,7070.97,87.51,
534,480,87.16,NA,NA,1968.89,NA,480,480,1968.89,1968.89,0,6,0,28.63,2246.14,4632.6,87.16,87.16,,,,480,1968.89,0,0,2246.14,87.16,
535,5,24.55,18,88.37,122.74,4217.19,5,5,122.74,122.74,18,18,88.37,88.37,4217.19,4217.19,24.55,24.55,,,,5,122.74,18,88.37,4217.19,24.55,
536,4,14.32,1,3.58,53.7,1908.07,4,4,53.7,53.7,1,1,3.58,3.58,1908.07,1908.07,14.32,14.32,,,,4,53.7,1,3.58,1908.07,14.32,
537,8,64.75,5,40.47,493.73,9307.97,8,8,493.73,493.73,5,5,40.47,40.47,9307.97,9307.97,64.75,64.75,,,,8,493.73,5,40.47,9307.97,64.75,
538,20,31.69,5,7.92,815.98,3669.55,20,20,815.98,815.98,5,5,7.92,7.92,3669.55,3669.55,31.69,31.69,,,,20,815.98,5,7.92,3669.55,31.69,
539,10,15.12,21,31.75,411.23,6018.78,10,10,411.23,411.23,21,21,31.75,31.75,6018.78,6018.78,15.12,15.12,,,,10,411.23,21,31.75,6018.78,15.12,
540,7,25.27,3,10.83,NA,2480.23,7,7,223.06,1218.85,3,3,10.83,10.83,2480.23,2480.23,25.27,25.27,,,,7,223.06,3,10.83,2480.23,25.27,
541,99,50.47,56,28.55,321.68,5118.88,99,99,321.68,321.68,56,56,28.55,28.55,5118.88,5118.88,50.47,50.47,,,,99,321.68,56,28.55,5118.88,50.47,
542,2,17.7,1,8.85,1300.88,4699.12,2,2,1300.88,1300.88,1,1,8.85,8.85,4699.12,4699.12,17.7,17.7,,,,2,1300.88,1,8.85,4699.12,17.7,
543,NA,NA,14,34.42,NA,5030.12,0,1,223.06,1240.39,14,14,34.42,34.42,5030.12,5030.12,0,14.28,,,,0,223.06,14,34.42,5030.12,0,
544,4,35.61,4,35.61,80.12,3071.31,4,4,80.12,80.12,4,4,35.61,35.61,3071.31,3071.31,35.61,35.61,,,,4,80.12,4,35.61,3071.31,35.61,
545,NA,NA,22,92.68,NA,5906.14,0,26,223.06,61.33,22,22,92.68,92.68,5906.14,5906.14,0,48.89,,,,0,223.06,22,92.68,5906.14,0,
546,NA,NA,0,0,NA,4261.51,0,11,223.06,136.48,0,0,0,0,4261.51,4261.51,0,10.01,,,,0,223.06,0,0,4261.51,0,
547,2,5.74,5,14.35,421.75,3534.64,2,2,421.75,421.75,5,5,14.35,14.35,3534.64,3534.64,5.74,5.74,,,,2,421.75,5,14.35,3534.64,5.74,
548,1,8.29,0,0,66.33,3523.75,1,1,66.33,66.33,0,0,0,0,3523.75,3523.75,8.29,8.29,,,,1,66.33,0,0,3523.75,8.29,
549,27,117.73,0,0,1874.95,14131.86,27,27,1874.95,1874.95,0,0,0,0,14131.86,14131.86,117.73,117.73,,,,27,1874.95,0,0,14131.86,117.73,
550,42,39.31,23,21.53,1311.2,7568.62,42,42,1311.2,1311.2,23,23,21.53,21.53,7568.62,7568.62,39.31,39.31,,,,42,1311.2,23,21.53,7568.62,39.31,
551,7,40.88,5,29.2,292,3071.89,7,7,292,292,5,5,29.2,29.2,3071.89,3071.89,40.88,40.88,,,,7,292,5,29.2,3071.89,40.88,
552,87,92.99,0,0,1130.86,3814.79,87,87,1130.86,1130.86,0,0,0,0,3814.79,3814.79,92.99,92.99,,,,87,1130.86,0,0,3814.79,92.99,
553,NA,NA,2,12.62,NA,2833.17,0,0,223.06,121.02,2,2,12.62,12.62,2833.17,2833.17,0,12.41,,,,0,223.06,2,12.62,2833.17,0,
554,78,56.11,113,81.29,1571.14,6672.33,78,78,1571.14,1571.14,113,113,81.29,81.29,6672.33,6672.33,56.11,56.11,,,,78,1571.14,113,81.29,6672.33,56.11,
555,36,123.33,11,37.68,887.29,7276.46,36,36,887.29,887.29,11,11,37.68,37.68,7276.46,7276.46,123.33,123.33,,,,36,887.29,11,37.68,7276.46,123.33,
556,2,9.39,NA,NA,65.71,NA,2,2,65.71,65.71,0,15,0,12.17,2246.14,4484.42,9.39,9.39,,,,2,65.71,0,0,2246.14,9.39,
557,3,25.97,1,8.66,207.79,2839.83,3,3,207.79,207.79,1,1,8.66,8.66,2839.83,2839.83,25.97,25.97,,,,3,207.79,1,8.66,2839.83,25.97,
558,1,5.71,2,11.43,51.42,2205.46,1,1,51.42,51.42,2,2,11.43,11.43,2205.46,2205.46,5.71,5.71,,,,1,51.42,2,11.43,2205.46,5.71,
559,2,19.31,1,9.65,241.31,4662.16,2,2,241.31,241.31,1,1,9.65,9.65,4662.16,4662.16,19.31,19.31,,,,2,241.31,1,9.65,4662.16,19.31,
560,79,75.77,42,40.28,1333.23,4883.08,79,79,1333.23,1333.23,42,42,40.28,40.28,4883.08,4883.08,75.77,75.77,,,,79,1333.23,42,40.28,4883.08,75.77,
561,11,84.5,5,38.41,944.85,11622.37,11,11,944.85,944.85,5,5,38.41,38.41,11622.37,11622.37,84.5,84.5,,,,11,944.85,5,38.41,11622.37,84.5,
562,4,28.93,1,7.23,108.49,3681.47,4,4,108.49,108.49,1,1,7.23,7.23,3681.47,3681.47,28.93,28.93,,,,4,108.49,1,7.23,3681.47,28.93,
563,NA,NA,5,26.33,NA,5224.08,0,7,223.06,524.67,5,5,26.33,26.33,5224.08,5224.08,0,23,,,,0,223.06,5,26.33,5224.08,0,
564,3,25.61,4,34.14,1724.14,12666.44,3,3,1724.14,1724.14,4,4,34.14,34.14,12666.44,12666.44,25.61,25.61,,,,3,1724.14,4,34.14,12666.44,25.61,
565,4,24.45,10,61.12,61.12,2573.19,4,4,61.12,61.12,10,10,61.12,61.12,2573.19,2573.19,24.45,24.45,,,,4,61.12,10,61.12,2573.19,24.45,
566,2,15.59,0,0,179.32,2541.71,2,2,179.32,179.32,0,0,0,0,2541.71,2541.71,15.59,15.59,,,,2,179.32,0,0,2541.71,15.59,
567,11,78.1,4,28.4,198.79,4195.95,11,11,198.79,198.79,4,4,28.4,28.4,4195.95,4195.95,78.1,78.1,,,,11,198.79,4,28.4,4195.95,78.1,
568,NA,NA,17,42.33,NA,3072.56,0,257,223.06,333.19,17,17,42.33,42.33,3072.56,3072.56,0,14.52,,,,0,223.06,17,42.33,3072.56,0,
569,12,66.79,15,83.49,322.81,7446.99,12,12,322.81,322.81,15,15,83.49,83.49,7446.99,7446.99,66.79,66.79,,,,12,322.81,15,83.49,7446.99,66.79,
570,1,8.88,4,35.52,124.32,5834.3,1,1,124.32,124.32,4,4,35.52,35.52,5834.3,5834.3,8.88,8.88,,,,1,124.32,4,35.52,5834.3,8.88,
571,1,8.49,1,8.49,84.88,3140.65,1,1,84.88,84.88,1,1,8.49,8.49,3140.65,3140.65,8.49,8.49,,,,1,84.88,1,8.49,3140.65,8.49,
572,7,54.14,3,23.2,170.15,3480.28,7,7,170.15,170.15,3,3,23.2,23.2,3480.28,3480.28,54.14,54.14,,,,7,170.15,3,23.2,3480.28,54.14,
573,0,0,0,0,74.96,2657,0,0,74.96,74.96,0,0,0,0,2657,2657,0,0,,,,0,74.96,0,0,2657,0,
574,32,37.37,41,47.88,223.06,5492.49,32,32,223.06,223.06,41,41,47.88,47.88,5492.49,5492.49,37.37,37.37,,,,32,223.06,41,47.88,5492.49,37.37,
575,0,0,3,25.83,103.33,5967.45,0,0,103.33,103.33,3,3,25.83,25.83,5967.45,5967.45,0,0,,,,0,103.33,3,25.83,5967.45,0,
576,11,52.95,5,24.07,245.51,4178.5,11,11,245.51,245.51,5,5,24.07,24.07,4178.5,4178.5,52.95,52.95,,,,11,245.51,5,24.07,4178.5,52.95,
577,5,44.87,0,0,358.97,4549.94,5,5,358.97,358.97,0,0,0,0,4549.94,4549.94,44.87,44.87,,,,5,358.97,0,0,4549.94,44.87,
578,3,8.97,1,2.99,505.1,1736.45,3,3,505.1,505.1,1,1,2.99,2.99,1736.45,1736.45,8.97,8.97,,,,3,505.1,1,2.99,1736.45,8.97,
579,13,62.32,NA,NA,551.32,NA,13,13,551.32,551.32,0,9,0,41.25,2246.14,2540.67,62.32,62.32,,,,13,551.32,0,0,2246.14,62.32,
580,9,29.71,34,112.25,997.03,6857.05,9,9,997.03,997.03,34,34,112.25,112.25,6857.05,6857.05,29.71,29.71,,,,9,997.03,34,112.25,6857.05,29.71,
581,1,9.52,1,9.52,295.04,2217.57,1,1,295.04,295.04,1,1,9.52,9.52,2217.57,2217.57,9.52,9.52,,,,1,295.04,1,9.52,2217.57,9.52,
582,7,20.83,9,26.78,151.78,4264.75,7,7,151.78,151.78,9,9,26.78,26.78,4264.75,4264.75,20.83,20.83,,,,7,151.78,9,26.78,4264.75,20.83,
583,2,6.15,0,0,64.61,4335.25,2,2,64.61,64.61,0,0,0,0,4335.25,4335.25,6.15,6.15,,,,2,64.61,0,0,4335.25,6.15,
584,177,77.28,158,68.99,2978.69,13039.07,177,177,2978.69,2978.69,158,158,68.99,68.99,13039.07,13039.07,77.28,77.28,,,,177,2978.69,158,68.99,13039.07,77.28,
585,NA,NA,3,13.05,NA,3842.47,0,20,223.06,506.39,3,3,13.05,13.05,3842.47,3842.47,0,19.74,,,,0,223.06,3,13.05,3842.47,0,
586,9,49.3,2,10.96,158.85,4015.12,9,9,158.85,158.85,2,2,10.96,10.96,4015.12,4015.12,49.3,49.3,,,,9,158.85,2,10.96,4015.12,49.3,
587,7,49.15,0,0,1390.25,6593.18,7,7,1390.25,1390.25,0,0,0,0,6593.18,6593.18,49.15,49.15,,,,7,1390.25,0,0,6593.18,49.15,
588,NA,NA,2,8.96,NA,3293.16,0,30,223.06,235.07,2,2,8.96,8.96,3293.16,3293.16,0,75.17,,,,0,223.06,2,8.96,3293.16,0,
589,12,51.82,7,30.23,133.87,2996.93,12,12,133.87,133.87,7,7,30.23,30.23,2996.93,2996.93,51.82,51.82,,,,12,133.87,7,30.23,2996.93,51.82,
590,8,52.97,0,0,1483.15,5038.73,8,8,1483.15,1483.15,0,0,0,0,5038.73,5038.73,52.97,52.97,,,,8,1483.15,0,0,5038.73,52.97,
591,8,47.15,3,17.68,724.94,5216.01,8,8,724.94,724.94,3,3,17.68,17.68,5216.01,5216.01,47.15,47.15,,,,8,724.94,3,17.68,5216.01,47.15,
592,25,69.26,15,41.56,872.72,11109.88,25,25,872.72,872.72,15,15,41.56,41.56,11109.88,11109.88,69.26,69.26,,,,25,872.72,15,41.56,11109.88,69.26,
593,3,15.26,16,81.37,300.04,3951.38,3,3,300.04,300.04,16,16,81.37,81.37,3951.38,3951.38,15.26,15.26,,,,3,300.04,16,81.37,3951.38,15.26,
594,19,64.32,1,3.39,744.75,3930.26,19,19,744.75,744.75,1,1,3.39,3.39,3930.26,3930.26,64.32,64.32,,,,19,744.75,1,3.39,3930.26,64.32,
595,0,0,3,25.93,267.96,4295.96,0,0,267.96,267.96,3,3,25.93,25.93,4295.96,4295.96,0,0,,,,0,267.96,3,25.93,4295.96,0,
596,NA,NA,2,16.25,NA,3194.08,0,4,223.06,39.87,2,2,16.25,16.25,3194.08,3194.08,0,31.62,,,,0,223.06,2,16.25,3194.08,0,
597,19,62.77,3,9.91,1318.22,7522.8,19,19,1318.22,1318.22,3,3,9.91,9.91,7522.8,7522.8,62.77,62.77,,,,19,1318.22,3,9.91,7522.8,62.77,
598,0,0,4,29.46,198.88,1996.17,0,0,198.88,198.88,4,4,29.46,29.46,1996.17,1996.17,0,0,,,,0,198.88,4,29.46,1996.17,0,
599,3,12.83,3,12.83,72.71,2993.76,3,3,72.71,72.71,3,3,12.83,12.83,2993.76,2993.76,12.83,12.83,,,,3,72.71,3,12.83,2993.76,12.83,
600,2,8.18,9,36.79,102.2,2959.81,2,2,102.2,102.2,9,9,36.79,36.79,2959.81,2959.81,8.18,8.18,,,,2,102.2,9,36.79,2959.81,8.18,
601,3,24.08,NA,NA,88.3,NA,3,3,88.3,88.3,0,8,0,3.91,2246.14,4681.09,24.08,24.08,,,,3,88.3,0,0,2246.14,24.08,
602,68,61.46,60,54.23,2078.85,5569.51,68,68,2078.85,2078.85,60,60,54.23,54.23,5569.51,5569.51,61.46,61.46,,,,68,2078.85,60,54.23,5569.51,61.46,
603,1,6.95,6,41.69,62.53,5822.68,1,1,62.53,62.53,6,6,41.69,41.69,5822.68,5822.68,6.95,6.95,,,,1,62.53,6,41.69,5822.68,6.95,
604,1,4.64,0,0,427.27,4230.91,1,1,427.27,427.27,0,0,0,0,4230.91,4230.91,4.64,4.64,,,,1,427.27,0,0,4230.91,4.64,
605,4,16.02,47,188.27,348.5,3633.23,4,4,348.5,348.5,47,47,188.27,188.27,3633.23,3633.23,16.02,16.02,,,,4,348.5,47,188.27,3633.23,16.02,
606,20,77.9,21,81.8,1336.03,10571.42,20,20,1336.03,1336.03,21,21,81.8,81.8,10571.42,10571.42,77.9,77.9,,,,20,1336.03,21,81.8,10571.42,77.9,
607,62,59.88,9,8.69,435.6,4114.51,62,62,435.6,435.6,9,9,8.69,8.69,4114.51,4114.51,59.88,59.88,,,,62,435.6,9,8.69,4114.51,59.88,
608,1,7.29,1,7.29,196.79,4810.5,1,1,196.79,196.79,1,1,7.29,7.29,4810.5,4810.5,7.29,7.29,,,,1,196.79,1,7.29,4810.5,7.29,
609,339,89.88,249,66.02,1304.78,6544.31,339,339,1304.78,1304.78,249,249,66.02,66.02,6544.31,6544.31,89.88,89.88,,,,339,1304.78,249,66.02,6544.31,89.88,
610,8,16.31,3,6.11,313.89,2631.36,8,8,313.89,313.89,3,3,6.11,6.11,2631.36,2631.36,16.31,16.31,,,,8,313.89,3,6.11,2631.36,16.31,
611,9,26.22,0,0,1678.08,4253.46,9,9,1678.08,1678.08,0,0,0,0,4253.46,4253.46,26.22,26.22,,,,9,1678.08,0,0,4253.46,26.22,
612,2,11.19,0,0,151.13,1354.53,2,2,151.13,151.13,0,0,0,0,1354.53,1354.53,11.19,11.19,,,,2,151.13,0,0,1354.53,11.19,
613,3,7.48,1,2.49,184.39,2554.01,3,3,184.39,184.39,1,1,2.49,2.49,2554.01,2554.01,7.48,7.48,,,,3,184.39,1,2.49,2554.01,7.48,
614,3,16.65,2,11.1,127.65,3446.55,3,3,127.65,127.65,2,2,11.1,11.1,3446.55,3446.55,16.65,16.65,,,,3,127.65,2,11.1,3446.55,16.65,
615,4,21.14,18,95.15,375.3,5079.82,4,4,375.3,375.3,18,18,95.15,95.15,5079.82,5079.82,21.14,21.14,,,,4,375.3,18,95.15,5079.82,21.14,
616,33,33.62,28,28.53,223.14,5388.97,33,33,223.14,223.14,28,28,28.53,28.53,5388.97,5388.97,33.62,33.62,,,,33,223.14,28,28.53,5388.97,33.62,
617,3,8.74,2,5.82,58.24,1243.34,3,3,58.24,58.24,2,2,5.82,5.82,1243.34,1243.34,8.74,8.74,,,,3,58.24,2,5.82,1243.34,8.74,
618,12,88.53,4,29.51,1032.91,5267.82,12,12,1032.91,1032.91,4,4,29.51,29.51,5267.82,5267.82,88.53,88.53,,,,12,1032.91,4,29.51,5267.82,88.53,
619,0,0,0,0,566.68,2172.27,0,0,566.68,566.68,0,0,0,0,2172.27,2172.27,0,0,,,,0,566.68,0,0,2172.27,0,
620,17,97.27,19,108.71,457.72,8759.58,17,17,457.72,457.72,19,19,108.71,108.71,8759.58,8759.58,97.27,97.27,,,,17,457.72,19,108.71,8759.58,97.27,
621,10,92.17,0,0,645.16,1004.61,10,10,645.16,645.16,0,0,0,0,1004.61,1004.61,92.17,92.17,,,,10,645.16,0,0,1004.61,92.17,
622,4,27.37,13,88.94,485.77,6499.73,4,4,485.77,485.77,13,13,88.94,88.94,6499.73,6499.73,27.37,27.37,,,,4,485.77,13,88.94,6499.73,27.37,
623,0,0,1,8.05,209.22,1335.8,0,0,209.22,209.22,1,1,8.05,8.05,1335.8,1335.8,0,0,,,,0,209.22,1,8.05,1335.8,0,
624,2,18.73,1,9.36,280.93,11021.63,2,2,280.93,280.93,1,1,9.36,9.36,11021.63,11021.63,18.73,18.73,,,,2,280.93,1,9.36,11021.63,18.73,
625,2,11.48,8,45.93,281.32,4638.88,2,2,281.32,281.32,8,8,45.93,45.93,4638.88,4638.88,11.48,11.48,,,,2,281.32,8,45.93,4638.88,11.48,
626,2,14.27,2,14.27,99.9,1705.44,2,2,99.9,99.9,2,2,14.27,14.27,1705.44,1705.44,14.27,14.27,,,,2,99.9,2,14.27,1705.44,14.27,
627,8,25.07,14,43.88,316.55,6255.88,8,8,316.55,316.55,14,14,43.88,43.88,6255.88,6255.88,25.07,25.07,,,,8,316.55,14,43.88,6255.88,25.07,
628,1,8.47,2,16.95,355.9,1491.4,1,1,355.9,355.9,2,2,16.95,16.95,1491.4,1491.4,8.47,8.47,,,,1,355.9,2,16.95,1491.4,8.47,
629,1,4.97,1,4.97,29.8,1217.03,1,1,29.8,29.8,1,1,4.97,4.97,1217.03,1217.03,4.97,4.97,,,,1,29.8,1,4.97,1217.03,4.97,
630,0,0,12,83.73,286.09,4340.24,0,0,286.09,286.09,12,12,83.73,83.73,4340.24,4340.24,0,0,,,,0,286.09,12,83.73,4340.24,0,
631,0,0,2,8.04,44.22,2235.18,0,0,44.22,44.22,2,2,8.04,8.04,2235.18,2235.18,0,0,,,,0,44.22,2,8.04,2235.18,0,
632,NA,NA,0,0,NA,1960.9,0,9,223.06,453.49,0,0,0,0,1960.9,1960.9,0,13.67,,,,0,223.06,0,0,1960.9,0,
633,81,56.02,389,269.03,1627.33,5693.22,81,81,1627.33,1627.33,389,389,269.03,269.03,5693.22,5693.22,56.02,56.02,,,,81,1627.33,389,269.03,5693.22,56.02,
634,8,23.99,6,18,110.97,4975.71,8,8,110.97,110.97,6,6,18,18,4975.71,4975.71,23.99,23.99,,,,8,110.97,6,18,4975.71,23.99,
635,40,82.84,24,49.71,816.02,6677.3,40,40,816.02,816.02,24,24,49.71,49.71,6677.3,6677.3,82.84,82.84,,,,40,816.02,24,49.71,6677.3,82.84,
636,NA,NA,3,25.16,NA,2306.66,0,479,223.06,44.92,3,3,25.16,25.16,2306.66,2306.66,0,28.22,,,,0,223.06,3,25.16,2306.66,0,
637,0,0,0,0,138.91,2241.7,0,0,138.91,138.91,0,0,0,0,2241.7,2241.7,0,0,,,,0,138.91,0,0,2241.7,0,
638,4,35.55,1,8.89,177.73,5936.19,4,4,177.73,177.73,1,1,8.89,8.89,5936.19,5936.19,35.55,35.55,,,,4,177.73,1,8.89,5936.19,35.55,
639,2,14.28,0,0,585.46,6568.61,2,2,585.46,585.46,0,0,0,0,6568.61,6568.61,14.28,14.28,,,,2,585.46,0,0,6568.61,14.28,
640,NA,NA,17,48.96,NA,3591.18,0,3,223.06,166.15,17,17,48.96,48.96,3591.18,3591.18,0,17.69,,,,0,223.06,17,48.96,3591.18,0,
641,215,118.9,174,96.23,3255.71,12364.16,215,215,3255.71,3255.71,174,174,96.23,96.23,12364.16,12364.16,118.9,118.9,,,,215,3255.71,174,96.23,12364.16,118.9,
642,5,26.63,10,53.27,591.24,7995.1,5,5,591.24,591.24,10,10,53.27,53.27,7995.1,7995.1,26.63,26.63,,,,5,591.24,10,53.27,7995.1,26.63,
643,11,33.8,19,58.38,577.61,8249.35,11,11,577.61,577.61,19,19,58.38,58.38,8249.35,8249.35,33.8,33.8,,,,11,577.61,19,58.38,8249.35,33.8,
644,7,49.28,1,7.04,288.65,2970.99,7,7,288.65,288.65,1,1,7.04,7.04,2970.99,2970.99,49.28,49.28,,,,7,288.65,1,7.04,2970.99,49.28,
645,24,118.01,12,59,1607.83,11977.58,24,24,1607.83,1607.83,12,12,59,59,11977.58,11977.58,118.01,118.01,,,,24,1607.83,12,59,11977.58,118.01,
646,39,64.56,NA,NA,736.68,NA,39,39,736.68,736.68,0,7,0,35.8,2246.14,2574.6,64.56,64.56,,,,39,736.68,0,0,2246.14,64.56,
647,23,49.58,39,84.06,581.98,5701.29,23,23,581.98,581.98,39,39,84.06,84.06,5701.29,5701.29,49.58,49.58,,,,23,581.98,39,84.06,5701.29,49.58,
648,3,19.13,1,6.38,44.64,4591.25,3,3,44.64,44.64,1,1,6.38,6.38,4591.25,4591.25,19.13,19.13,,,,3,44.64,1,6.38,4591.25,19.13,
649,1,8.34,0,0,141.75,3985.66,1,1,141.75,141.75,0,0,0,0,3985.66,3985.66,8.34,8.34,,,,1,141.75,0,0,3985.66,8.34,
650,98,144.36,11,16.2,2264.09,11491.32,98,98,2264.09,2264.09,11,11,16.2,16.2,11491.32,11491.32,144.36,144.36,,,,98,2264.09,11,16.2,11491.32,144.36,
651,28,51.55,13,23.93,1818.82,10855.84,28,28,1818.82,1818.82,13,13,23.93,23.93,10855.84,10855.84,51.55,51.55,,,,28,1818.82,13,23.93,10855.84,51.55,
652,9,14.85,17,28.04,138.56,3294.13,9,9,138.56,138.56,17,17,28.04,28.04,3294.13,3294.13,14.85,14.85,,,,9,138.56,17,28.04,3294.13,14.85,
653,7,30.73,0,0,122.9,3256.96,7,7,122.9,122.9,0,0,0,0,3256.96,3256.96,30.73,30.73,,,,7,122.9,0,0,3256.96,30.73,
654,4,20.24,3,15.18,75.88,1365.91,4,4,75.88,75.88,3,3,15.18,15.18,1365.91,1365.91,20.24,20.24,,,,4,75.88,3,15.18,1365.91,20.24,
655,1,7.92,0,0,324.52,2857.37,1,1,324.52,324.52,0,0,0,0,2857.37,2857.37,7.92,7.92,,,,1,324.52,0,0,2857.37,7.92,
656,2,18.2,7,63.69,1264.79,5996.36,2,2,1264.79,1264.79,7,7,63.69,63.69,5996.36,5996.36,18.2,18.2,,,,2,1264.79,7,63.69,5996.36,18.2,
657,3,8.36,7,19.5,559.86,5439.81,3,3,559.86,559.86,7,7,19.5,19.5,5439.81,5439.81,8.36,8.36,,,,3,559.86,7,19.5,5439.81,8.36,
658,0,0,0,0,21.66,2642.98,0,0,21.66,21.66,0,0,0,0,2642.98,2642.98,0,0,,,,0,21.66,0,0,2642.98,0,
659,3,16.46,NA,NA,389.55,NA,3,3,389.55,389.55,0,102,0,25.45,2246.14,1591.51,16.46,16.46,,,,3,389.55,0,0,2246.14,16.46,
660,1,7.24,0,0,188.13,1960.93,1,1,188.13,188.13,0,0,0,0,1960.93,1960.93,7.24,7.24,,,,1,188.13,0,0,1960.93,7.24,
661,1,7.7,4,30.81,169.44,5460.57,1,1,169.44,169.44,4,4,30.81,30.81,5460.57,5460.57,7.7,7.7,,,,1,169.44,4,30.81,5460.57,7.7,
662,173,88.66,145,74.31,1424.74,11722.35,173,173,1424.74,1424.74,145,145,74.31,74.31,11722.35,11722.35,88.66,88.66,,,,173,1424.74,145,74.31,11722.35,88.66,
663,17,39.25,12,27.71,658.05,4167.63,17,17,658.05,658.05,12,12,27.71,27.71,4167.63,4167.63,39.25,39.25,,,,17,658.05,12,27.71,4167.63,39.25,
664,0,0,2,12.67,82.38,1907.48,0,0,82.38,82.38,2,2,12.67,12.67,1907.48,1907.48,0,0,,,,0,82.38,2,12.67,1907.48,0,
665,4,26.21,3,19.66,281.76,2974.9,4,4,281.76,281.76,3,3,19.66,19.66,2974.9,2974.9,26.21,26.21,,,,4,281.76,3,19.66,2974.9,26.21,
666,4,16.62,NA,NA,374.05,NA,4,4,374.05,374.05,0,12,0,6.11,2246.14,5823.11,16.62,16.62,,,,4,374.05,0,0,2246.14,16.62,
667,9,35.97,1,4,623.55,4592.69,9,9,623.55,623.55,1,1,4,4,4592.69,4592.69,35.97,35.97,,,,9,623.55,1,4,4592.69,35.97,
668,269,150.01,260,144.99,1629.43,9465.95,269,269,1629.43,1629.43,260,260,144.99,144.99,9465.95,9465.95,150.01,150.01,,,,269,1629.43,260,144.99,9465.95,150.01,
669,25,35.8,29,41.52,904.94,7150.73,25,25,904.94,904.94,29,29,41.52,41.52,7150.73,7150.73,35.8,35.8,,,,25,904.94,29,41.52,7150.73,35.8,
670,4,30.79,0,0,153.93,2285.85,4,4,153.93,153.93,0,0,0,0,2285.85,2285.85,30.79,30.79,,,,4,153.93,0,0,2285.85,30.79,
671,3,19.83,0,0,198.28,4586.91,3,3,198.28,198.28,0,0,0,0,4586.91,4586.91,19.83,19.83,,,,3,198.28,0,0,4586.91,19.83,
672,11,76.68,1,6.97,223.06,4642.41,11,11,223.06,223.06,1,1,6.97,6.97,4642.41,4642.41,76.68,76.68,,,,11,223.06,1,6.97,4642.41,76.68,
673,13,57.59,0,0,699.98,7323.23,13,13,699.98,699.98,0,0,0,0,7323.23,7323.23,57.59,57.59,,,,13,699.98,0,0,7323.23,57.59,
674,1,7.93,2,15.86,71.35,4043.13,1,1,71.35,71.35,2,2,15.86,15.86,4043.13,4043.13,7.93,7.93,,,,1,71.35,2,15.86,4043.13,7.93,
675,7,14.09,4,8.05,366.34,5410.63,7,7,366.34,366.34,4,4,8.05,8.05,5410.63,5410.63,14.09,14.09,,,,7,366.34,4,8.05,5410.63,14.09,
676,19,79.5,2,8.37,292.91,4946.02,19,19,292.91,292.91,2,2,8.37,8.37,4946.02,4946.02,79.5,79.5,,,,19,292.91,2,8.37,4946.02,79.5,
677,NA,NA,1,7.55,NA,3511.82,0,0,223.06,372.56,1,1,7.55,7.55,3511.82,3511.82,0,18.28,,,,0,223.06,1,7.55,3511.82,0,
678,3,21.07,0,0,252.9,5212.5,3,3,252.9,252.9,0,0,0,0,5212.5,5212.5,21.07,21.07,,,,3,252.9,0,0,5212.5,21.07,
679,8,36.83,NA,NA,626.09,NA,8,8,626.09,626.09,0,145,0,32.14,2246.14,3798.41,36.83,36.83,,,,8,626.09,0,0,2246.14,36.83,
680,0,0,2,13.86,408.98,4817.69,0,0,408.98,408.98,2,2,13.86,13.86,4817.69,4817.69,0,0,,,,0,408.98,2,13.86,4817.69,0,
681,6,21.17,11,38.81,105.84,2007.34,6,6,105.84,105.84,11,11,38.81,38.81,2007.34,2007.34,21.17,21.17,,,,6,105.84,11,38.81,2007.34,21.17,
682,5,38.28,6,45.94,145.47,2802.24,5,5,145.47,145.47,6,6,45.94,45.94,2802.24,2802.24,38.28,38.28,,,,5,145.47,6,45.94,2802.24,38.28,
683,18,32.02,4,7.12,327.36,4109.74,18,18,327.36,327.36,4,4,7.12,7.12,4109.74,4109.74,32.02,32.02,,,,18,327.36,4,7.12,4109.74,32.02,
684,0,0,3,17.49,99.13,1737.61,0,0,99.13,99.13,3,3,17.49,17.49,1737.61,1737.61,0,0,,,,0,99.13,3,17.49,1737.61,0,
685,5,7.01,1,1.4,68.68,1572.73,5,5,68.68,68.68,1,1,1.4,1.4,1572.73,1572.73,7.01,7.01,,,,5,68.68,1,1.4,1572.73,7.01,
686,10,20.45,24,49.09,560.45,5700.67,10,10,560.45,560.45,24,24,49.09,49.09,5700.67,5700.67,20.45,20.45,,,,10,560.45,24,49.09,5700.67,20.45,
687,281,47.61,461,78.11,1035.05,6961.87,281,281,1035.05,1035.05,461,461,78.11,78.11,6961.87,6961.87,47.61,47.61,,,,281,1035.05,461,78.11,6961.87,47.61,
688,2,12.93,0,0,303.91,2289.04,2,2,303.91,303.91,0,0,0,0,2289.04,2289.04,12.93,12.93,,,,2,303.91,0,0,2289.04,12.93,
689,12,35.21,10,29.34,534.04,3060.45,12,12,534.04,534.04,10,10,29.34,29.34,3060.45,3060.45,35.21,35.21,,,,12,534.04,10,29.34,3060.45,35.21,
690,3,21.53,0,0,674.75,1636.64,3,3,674.75,674.75,0,0,0,0,1636.64,1636.64,21.53,21.53,,,,3,674.75,0,0,1636.64,21.53,
691,14,89.06,4,25.45,1278.63,8396.95,14,14,1278.63,1278.63,4,4,25.45,25.45,8396.95,8396.95,89.06,89.06,,,,14,1278.63,4,25.45,8396.95,89.06,
692,12,75.49,18,113.24,509.56,4479.11,12,12,509.56,509.56,18,18,113.24,113.24,4479.11,4479.11,75.49,75.49,,,,12,509.56,18,113.24,4479.11,75.49,
693,0,0,1,4,151.91,1791,0,0,151.91,151.91,1,1,4,4,1791,1791,0,0,,,,0,151.91,1,4,1791,0,
694,1,8.77,1,8.77,70.19,3272.79,1,1,70.19,70.19,1,1,8.77,8.77,3272.79,3272.79,8.77,8.77,,,,1,70.19,1,8.77,3272.79,8.77,
695,2,10.77,2,10.77,350.03,5885.84,2,2,350.03,350.03,2,2,10.77,10.77,5885.84,5885.84,10.77,10.77,,,,2,350.03,2,10.77,5885.84,10.77,
696,4,20.61,4,20.61,159.72,2313.36,4,4,159.72,159.72,4,4,20.61,20.61,2313.36,2313.36,20.61,20.61,,,,4,159.72,4,20.61,2313.36,20.61,
697,36,100.23,7,19.49,860.27,6584.26,36,36,860.27,860.27,7,7,19.49,19.49,6584.26,6584.26,100.23,100.23,,,,36,860.27,7,19.49,6584.26,100.23,
698,31,51.04,24,39.52,321.08,6885.88,31,31,321.08,321.08,24,24,39.52,39.52,6885.88,6885.88,51.04,51.04,,,,31,321.08,24,39.52,6885.88,51.04,
699,4,18.23,16,72.94,989.2,5875.92,4,4,989.2,989.2,16,16,72.94,72.94,5875.92,5875.92,18.23,18.23,,,,4,989.2,16,72.94,5875.92,18.23,
700,7,38.13,7,38.13,403.14,5431.47,7,7,403.14,403.14,7,7,38.13,38.13,5431.47,5431.47,38.13,38.13,,,,7,403.14,7,38.13,5431.47,38.13,
701,1,8.11,6,48.69,592.34,5201.23,1,1,592.34,592.34,6,6,48.69,48.69,5201.23,5201.23,8.11,8.11,,,,1,592.34,6,48.69,5201.23,8.11,
702,NA,NA,2,13.13,NA,3295.26,0,1,223.06,44.92,2,2,13.13,13.13,3295.26,3295.26,0,30.4,,,,0,223.06,2,13.13,3295.26,0,
703,5,42.17,7,59.04,101.21,3500.34,5,5,101.21,101.21,7,7,59.04,59.04,3500.34,3500.34,42.17,42.17,,,,5,101.21,7,59.04,3500.34,42.17,
704,1,8.36,1,8.36,83.56,2105.79,1,1,83.56,83.56,1,1,8.36,8.36,2105.79,2105.79,8.36,8.36,,,,1,83.56,1,8.36,2105.79,8.36,
705,1,3.4,3,10.21,125.96,2995.85,1,1,125.96,125.96,3,3,10.21,10.21,2995.85,2995.85,3.4,3.4,,,,1,125.96,3,10.21,2995.85,3.4,
706,129,70.63,144,78.85,3047.66,9248.11,129,129,3047.66,3047.66,144,144,78.85,78.85,9248.11,9248.11,70.63,70.63,,,,129,3047.66,144,78.85,9248.11,70.63,
707,26,75.11,20,57.78,2507.51,9827.83,26,26,2507.51,2507.51,20,20,57.78,57.78,9827.83,9827.83,75.11,75.11,,,,26,2507.51,20,57.78,9827.83,75.11,
708,159,68.91,348,150.81,1171.84,10038.61,159,159,1171.84,1171.84,348,348,150.81,150.81,10038.61,10038.61,68.91,68.91,,,,159,1171.84,348,150.81,10038.61,68.91,
709,34,38.71,10,11.39,230,4965.56,34,34,230,230,10,10,11.39,11.39,4965.56,4965.56,38.71,38.71,,,,34,230,10,11.39,4965.56,38.71,
710,1,3.71,25,92.69,140.88,2828.75,1,1,140.88,140.88,25,25,92.69,92.69,2828.75,2828.75,3.71,3.71,,,,1,140.88,25,92.69,2828.75,3.71,
711,5,45.5,7,63.69,282.07,5050.05,5,5,282.07,282.07,7,7,63.69,63.69,5050.05,5050.05,45.5,45.5,,,,5,282.07,7,63.69,5050.05,45.5,
712,49,50.74,166,171.88,1274.62,7762.64,49,49,1274.62,1274.62,166,166,171.88,171.88,7762.64,7762.64,50.74,50.74,,,,49,1274.62,166,171.88,7762.64,50.74,
713,22,69.83,5,15.87,384.08,2482.22,22,22,384.08,384.08,5,5,15.87,15.87,2482.22,2482.22,69.83,69.83,,,,22,384.08,5,15.87,2482.22,69.83,
714,21,34.02,21,34.02,933.19,7180.35,21,21,933.19,933.19,21,21,34.02,34.02,7180.35,7180.35,34.02,34.02,,,,21,933.19,21,34.02,7180.35,34.02,
715,8,40.25,11,55.34,1232.52,7787.5,8,8,1232.52,1232.52,11,11,55.34,55.34,7787.5,7787.5,40.25,40.25,,,,8,1232.52,11,55.34,7787.5,40.25,
716,9,40.09,7,31.18,445.41,4164.63,9,9,445.41,445.41,7,7,31.18,31.18,4164.63,4164.63,40.09,40.09,,,,9,445.41,7,31.18,4164.63,40.09,
717,0,0,0,0,58.37,1916.34,0,0,58.37,58.37,0,0,0,0,1916.34,1916.34,0,0,,,,0,58.37,0,0,1916.34,0,
718,65,66.73,66,67.75,1565.55,8078.23,65,65,1565.55,1565.55,66,66,67.75,67.75,8078.23,8078.23,66.73,66.73,,,,65,1565.55,66,67.75,8078.23,66.73,
719,94,39.02,29,12.04,842.7,5502.07,94,94,842.7,842.7,29,29,12.04,12.04,5502.07,5502.07,39.02,39.02,,,,94,842.7,29,12.04,5502.07,39.02,
720,1,6.72,1,6.72,53.73,4103.43,1,1,53.73,53.73,1,1,6.72,6.72,4103.43,4103.43,6.72,6.72,,,,1,53.73,1,6.72,4103.43,6.72,
721,90,108.05,306,367.36,3530.78,12109.83,90,90,3530.78,3530.78,306,306,367.36,367.36,12109.83,12109.83,108.05,108.05,,,,90,3530.78,306,367.36,12109.83,108.05,
722,1,6.64,0,0,6.64,1592.89,1,1,6.64,6.64,0,0,0,0,1592.89,1592.89,6.64,6.64,,,,1,6.64,0,0,1592.89,6.64,
723,45,42.78,74,70.35,1318.6,4576.61,45,45,1318.6,1318.6,74,74,70.35,70.35,4576.61,4576.61,42.78,42.78,,,,45,1318.6,74,70.35,4576.61,42.78,
724,6,30.4,5,25.34,91.21,2153.53,6,6,91.21,91.21,5,5,25.34,25.34,2153.53,2153.53,30.4,30.4,,,,6,91.21,5,25.34,2153.53,30.4,
725,271,53.98,610,121.51,599.78,9773.95,271,271,599.78,599.78,610,610,121.51,121.51,9773.95,9773.95,53.98,53.98,,,,271,599.78,610,121.51,9773.95,53.98,
726,3,5.1,20,33.99,141.06,2659.71,3,3,141.06,141.06,20,20,33.99,33.99,2659.71,2659.71,5.1,5.1,,,,3,141.06,20,33.99,2659.71,5.1,
727,9,49.29,10,54.76,657.14,6149.72,9,9,657.14,657.14,10,10,54.76,54.76,6149.72,6149.72,49.29,49.29,,,,9,657.14,10,54.76,6149.72,49.29,
728,77,46.3,NA,NA,NA,NA,77,77,223.06,2333.62,0,89,0,0,2246.14,10038.61,46.3,46.3,,,,77,223.06,0,0,2246.14,46.3,
729,19,81.83,3,12.92,2885.57,5977.86,19,19,2885.57,2885.57,3,3,12.92,12.92,5977.86,5977.86,81.83,81.83,,,,19,2885.57,3,12.92,5977.86,81.83,
730,3,24.22,1,8.07,750.73,2542.78,3,3,750.73,750.73,1,1,8.07,8.07,2542.78,2542.78,24.22,24.22,,,,3,750.73,1,8.07,2542.78,24.22,
731,9,45.73,0,0,985.82,4019.51,9,9,985.82,985.82,0,0,0,0,4019.51,4019.51,45.73,45.73,,,,9,985.82,0,0,4019.51,45.73,
732,7,25.5,11,40.08,142.09,4080.44,7,7,142.09,142.09,11,11,40.08,40.08,4080.44,4080.44,25.5,25.5,,,,7,142.09,11,40.08,4080.44,25.5,
733,0,0,1,8.98,98.73,1337.28,0,0,98.73,98.73,1,1,8.98,8.98,1337.28,1337.28,0,0,,,,0,98.73,1,8.98,1337.28,0,
734,3,14.91,NA,NA,1441.78,NA,3,3,1441.78,1441.78,0,19,0,11.64,2246.14,6443.62,14.91,14.91,,,,3,1441.78,0,0,2246.14,14.91,
735,2,17.66,7,61.81,105.96,5792.49,2,2,105.96,105.96,7,7,61.81,61.81,5792.49,5792.49,17.66,17.66,,,,2,105.96,7,61.81,5792.49,17.66,
736,32,32.78,57,58.39,578.8,5007.38,32,32,578.8,578.8,57,57,58.39,58.39,5007.38,5007.38,32.78,32.78,,,,32,578.8,57,58.39,5007.38,32.78,
737,515,115.59,527,118.28,2460.11,10039.52,515,515,2460.11,2460.11,527,527,118.28,118.28,10039.52,10039.52,115.59,115.59,,,,515,2460.11,527,118.28,10039.52,115.59,
738,9,24.28,NA,NA,607.03,NA,9,9,607.03,607.03,0,11,0,29.1,2246.14,9531.77,24.28,24.28,,,,9,607.03,0,0,2246.14,24.28,
739,8,40.1,15,75.18,205.49,5117.28,8,8,205.49,205.49,15,15,75.18,75.18,5117.28,5117.28,40.1,40.1,,,,8,205.49,15,75.18,5117.28,40.1,
740,33,32.59,21,20.74,1174.32,4015.8,33,33,1174.32,1174.32,21,21,20.74,20.74,4015.8,4015.8,32.59,32.59,,,,33,1174.32,21,20.74,4015.8,32.59,
741,34,18.56,89,48.59,737.62,4494.53,34,34,737.62,737.62,89,89,48.59,48.59,4494.53,4494.53,18.56,18.56,,,,34,737.62,89,48.59,4494.53,18.56,
742,21,31.14,7,10.38,360.34,5492.62,21,21,360.34,360.34,7,7,10.38,10.38,5492.62,5492.62,31.14,31.14,,,,21,360.34,7,10.38,5492.62,31.14,
743,NA,NA,3,22.32,NA,2209.49,0,16,223.06,778.93,3,3,22.32,22.32,2209.49,2209.49,0,13.24,,,,0,223.06,3,22.32,2209.49,0,
744,4,24.85,6,37.27,105.6,3217.59,4,4,105.6,105.6,6,6,37.27,37.27,3217.59,3217.59,24.85,24.85,,,,4,105.6,6,37.27,3217.59,24.85,
745,22,19.72,50,44.83,305.72,2631.37,22,22,305.72,305.72,50,50,44.83,44.83,2631.37,2631.37,19.72,19.72,,,,22,305.72,50,44.83,2631.37,19.72,
746,NA,NA,9,26.96,NA,6203.2,0,14,223.06,487.18,9,9,26.96,26.96,6203.2,6203.2,0,40.18,,,,0,223.06,9,26.96,6203.2,0,
747,18,99.5,0,0,2089.44,9833.62,18,18,2089.44,2089.44,0,0,0,0,9833.62,9833.62,99.5,99.5,,,,18,2089.44,0,0,9833.62,99.5,
748,20,43.66,12,26.2,1477.94,7734.63,20,20,1477.94,1477.94,12,12,26.2,26.2,7734.63,7734.63,43.66,43.66,,,,20,1477.94,12,26.2,7734.63,43.66,
749,391,47.52,318,38.65,646.17,3857.83,391,391,646.17,646.17,318,318,38.65,38.65,3857.83,3857.83,47.52,47.52,,,,391,646.17,318,38.65,3857.83,47.52,
750,2,15.35,2,15.35,130.44,2654.8,2,2,130.44,130.44,2,2,15.35,15.35,2654.8,2654.8,15.35,15.35,,,,2,130.44,2,15.35,2654.8,15.35,
751,4,10.05,0,0,190.95,2756.14,4,4,190.95,190.95,0,0,0,0,2756.14,2756.14,10.05,10.05,,,,4,190.95,0,0,2756.14,10.05,
752,1,2.93,NA,NA,383.57,NA,1,1,383.57,383.57,0,27,0,8.09,2246.14,9568.77,2.93,2.93,,,,1,383.57,0,0,2246.14,2.93,
753,50,135.2,14,37.86,816.61,6800.61,50,50,816.61,816.61,14,14,37.86,37.86,6800.61,6800.61,135.2,135.2,,,,50,816.61,14,37.86,6800.61,135.2,
754,0,0,6,21.05,105.23,1918.69,0,0,105.23,105.23,6,6,21.05,21.05,1918.69,1918.69,0,0,,,,0,105.23,6,21.05,1918.69,0,
755,5,31.4,3,18.84,583.99,3679.75,5,5,583.99,583.99,3,3,18.84,18.84,3679.75,3679.75,31.4,31.4,,,,5,583.99,3,18.84,3679.75,31.4,
756,3,10.91,9,32.74,865.9,2670.45,3,3,865.9,865.9,9,9,32.74,32.74,2670.45,2670.45,10.91,10.91,,,,3,865.9,9,32.74,2670.45,10.91,
757,9,53.34,1,5.93,349.65,3662.44,9,9,349.65,349.65,1,1,5.93,5.93,3662.44,3662.44,53.34,53.34,,,,9,349.65,1,5.93,3662.44,53.34,
758,4,21.49,3,16.12,161.19,3868.68,4,4,161.19,161.19,3,3,16.12,16.12,3868.68,3868.68,21.49,21.49,,,,4,161.19,3,16.12,3868.68,21.49,
759,0,0,1,8.37,92.04,1773.91,0,0,92.04,92.04,1,1,8.37,8.37,1773.91,1773.91,0,0,,,,0,92.04,1,8.37,1773.91,0,
760,3,19.63,NA,NA,26.17,NA,3,3,26.17,26.17,0,2,0,5.37,2246.14,5753.71,19.63,19.63,,,,3,26.17,0,0,2246.14,19.63,
761,42,91.64,10,21.82,3414.57,11646.63,42,42,3414.57,3414.57,10,10,21.82,21.82,11646.63,11646.63,91.64,91.64,,,,42,3414.57,10,21.82,11646.63,91.64,
762,3,20.3,3,20.3,155.67,2260.58,3,3,155.67,155.67,3,3,20.3,20.3,2260.58,2260.58,20.3,20.3,,,,3,155.67,3,20.3,2260.58,20.3,
763,NA,NA,2,9.11,NA,3748.06,0,4,223.06,61.12,2,2,9.11,9.11,3748.06,3748.06,0,90.25,,,,0,223.06,2,9.11,3748.06,0,
764,5,14.64,8,23.43,676.45,5294.44,5,5,676.45,676.45,8,8,23.43,23.43,5294.44,5294.44,14.64,14.64,,,,5,676.45,8,23.43,5294.44,14.64,
765,356,65.42,389,71.49,1787.2,7428.52,356,356,1787.2,1787.2,389,389,71.49,71.49,7428.52,7428.52,65.42,65.42,,,,356,1787.2,389,71.49,7428.52,65.42,
766,2,15.29,8,61.15,68.8,3730.32,2,2,68.8,68.8,8,8,61.15,61.15,3730.32,3730.32,15.29,15.29,,,,2,68.8,8,61.15,3730.32,15.29,
767,5,15.9,16,50.89,728.37,5655.22,5,5,728.37,728.37,16,16,50.89,50.89,5655.22,5655.22,15.9,15.9,,,,5,728.37,16,50.89,5655.22,15.9,
768,154,99.59,96,62.08,1960.67,8666.52,154,154,1960.67,1960.67,96,96,62.08,62.08,8666.52,8666.52,99.59,99.59,,,,154,1960.67,96,62.08,8666.52,99.59,
769,4,30.18,1,7.54,286.66,4277.31,4,4,286.66,286.66,1,1,7.54,7.54,4277.31,4277.31,30.18,30.18,,,,4,286.66,1,7.54,4277.31,30.18,
770,0,0,5,15.9,216.2,3634.11,0,0,216.2,216.2,5,5,15.9,15.9,3634.11,3634.11,0,0,,,,0,216.2,5,15.9,3634.11,0,
771,0,0,2,14.39,86.34,3144.34,0,0,86.34,86.34,2,2,14.39,14.39,3144.34,3144.34,0,0,,,,0,86.34,2,14.39,3144.34,0,
772,3,8.43,4,11.24,137.66,2778.4,3,3,137.66,137.66,4,4,11.24,11.24,2778.4,2778.4,8.43,8.43,,,,3,137.66,4,11.24,2778.4,8.43,
773,0,0,7,47.58,20.39,1549.65,0,0,20.39,20.39,7,7,47.58,47.58,1549.65,1549.65,0,0,,,,0,20.39,7,47.58,1549.65,0,
774,3,17.55,3,17.55,988.71,2983.68,3,3,988.71,988.71,3,3,17.55,17.55,2983.68,2983.68,17.55,17.55,,,,3,988.71,3,17.55,2983.68,17.55,
775,3,18.75,0,0,393.73,3049.81,3,3,393.73,393.73,0,0,0,0,3049.81,3049.81,18.75,18.75,,,,3,393.73,0,0,3049.81,18.75,
776,42,219.67,10,52.3,564.85,4979.08,42,42,564.85,564.85,10,10,52.3,52.3,4979.08,4979.08,219.67,219.67,,,,42,564.85,10,52.3,4979.08,219.67,
777,4,25.08,7,43.9,363.7,2627.45,4,4,363.7,363.7,7,7,43.9,43.9,2627.45,2627.45,25.08,25.08,,,,4,363.7,7,43.9,2627.45,25.08,
778,0,0,0,0,116.1,1736.87,0,0,116.1,116.1,0,0,0,0,1736.87,1736.87,0,0,,,,0,116.1,0,0,1736.87,0,
779,4,16.17,4,16.17,80.84,1240.86,4,4,80.84,80.84,4,4,16.17,16.17,1240.86,1240.86,16.17,16.17,,,,4,80.84,4,16.17,1240.86,16.17,
780,1,6.86,1,6.86,260.79,4879.56,1,1,260.79,260.79,1,1,6.86,6.86,4879.56,4879.56,6.86,6.86,,,,1,260.79,1,6.86,4879.56,6.86,
781,6,12.48,NA,NA,166.4,NA,6,6,166.4,166.4,0,3,0,61.12,2246.14,4218.33,12.48,12.48,,,,6,166.4,0,0,2246.14,12.48,
782,NA,NA,5,34.86,NA,14440.11,0,21,223.06,234.68,5,5,34.86,34.86,14440.11,14440.11,0,16.13,,,,0,223.06,5,34.86,14440.11,0,
783,4,16.85,2,8.42,724.52,9448.19,4,4,724.52,724.52,2,2,8.42,8.42,9448.19,9448.19,16.85,16.85,,,,4,724.52,2,8.42,9448.19,16.85,
784,298,60.62,NA,NA,2038.98,NA,298,298,2038.98,2038.98,0,1,0,41.52,2246.14,5340.46,60.62,60.62,,,,298,2038.98,0,0,2246.14,60.62,
785,36,107.36,NA,NA,2982.31,NA,36,36,2982.31,2982.31,0,13,0,52.08,2246.14,3413.65,107.36,107.36,,,,36,2982.31,0,0,2246.14,107.36,
786,9,15.46,2,3.44,893.29,4078.2,9,9,893.29,893.29,2,2,3.44,3.44,4078.2,4078.2,15.46,15.46,,,,9,893.29,2,3.44,4078.2,15.46,
787,28,27.89,46,45.82,514.99,3743.36,28,28,514.99,514.99,46,46,45.82,45.82,3743.36,3743.36,27.89,27.89,,,,28,514.99,46,45.82,3743.36,27.89,
788,12,48.58,33,133.61,708.53,5299.81,12,12,708.53,708.53,33,33,133.61,133.61,5299.81,5299.81,48.58,48.58,,,,12,708.53,33,133.61,5299.81,48.58,
789,3,11.66,0,0,69.94,2121.46,3,3,69.94,69.94,0,0,0,0,2121.46,2121.46,11.66,11.66,,,,3,69.94,0,0,2121.46,11.66,
790,13,21.1,21,34.09,160.72,3298.75,13,13,160.72,160.72,21,21,34.09,34.09,3298.75,3298.75,21.1,21.1,,,,13,160.72,21,34.09,3298.75,21.1,
791,NA,NA,14,72.17,NA,6088.26,0,2,223.06,1082.63,14,14,72.17,72.17,6088.26,6088.26,0,9.26,,,,0,223.06,14,72.17,6088.26,0,
792,6,10.77,11,19.75,441.72,2813.69,6,6,441.72,441.72,11,11,19.75,19.75,2813.69,2813.69,10.77,10.77,,,,6,441.72,11,19.75,2813.69,10.77,
793,122,59.18,52,25.23,1076.95,7955.35,122,122,1076.95,1076.95,52,52,25.23,25.23,7955.35,7955.35,59.18,59.18,,,,122,1076.95,52,25.23,7955.35,59.18,
794,NA,NA,1,4.95,NA,2907.96,0,7,223.06,536.18,1,1,4.95,4.95,2907.96,2907.96,0,8.49,,,,0,223.06,1,4.95,2907.96,0,
795,40,85.24,NA,NA,2186.47,NA,40,40,2186.47,2186.47,0,1,0,0,2246.14,3264.87,85.24,85.24,,,,40,2186.47,0,0,2246.14,85.24,
796,9,51.02,NA,NA,136.06,NA,9,9,136.06,136.06,0,6,0,58.99,2246.14,1173.9,51.02,51.02,,,,9,136.06,0,0,2246.14,51.02,
797,9,12.83,25,35.64,64.14,3807.28,9,9,64.14,64.14,25,25,35.64,35.64,3807.28,3807.28,12.83,12.83,,,,9,64.14,25,35.64,3807.28,12.83,
798,NA,NA,13,30.4,NA,5240.51,0,11,223.06,1143.9,13,13,30.4,30.4,5240.51,5240.51,0,8.96,,,,0,223.06,13,30.4,5240.51,0,
799,13,97.93,2,15.07,851.22,6410.55,13,13,851.22,851.22,2,2,15.07,15.07,6410.55,6410.55,97.93,97.93,,,,13,851.22,2,15.07,6410.55,97.93,
800,3,15.5,8,41.34,242.89,4382.43,3,3,242.89,242.89,8,8,41.34,41.34,4382.43,4382.43,15.5,15.5,,,,3,242.89,8,41.34,4382.43,15.5,
801,2,15.87,5,39.69,103.18,1690.61,2,2,103.18,103.18,5,5,39.69,39.69,1690.61,1690.61,15.87,15.87,,,,2,103.18,5,39.69,1690.61,15.87,
802,94,89.99,13,12.45,2109.96,9737.98,94,94,2109.96,2109.96,13,13,12.45,12.45,9737.98,9737.98,89.99,89.99,,,,94,2109.96,13,12.45,9737.98,89.99,
803,17,28.06,29,47.87,402.75,4874.22,17,17,402.75,402.75,29,29,47.87,47.87,4874.22,4874.22,28.06,28.06,,,,17,402.75,29,47.87,4874.22,28.06,
804,NA,NA,7,41.89,NA,3482.74,0,3,223.06,1523.3,7,7,41.89,41.89,3482.74,3482.74,0,49.62,,,,0,223.06,7,41.89,3482.74,0,
805,7,38.78,0,0,559.59,4770.35,7,7,559.59,559.59,0,0,0,0,4770.35,4770.35,38.78,38.78,,,,7,559.59,0,0,4770.35,38.78,
806,12,18.55,12,18.55,265.95,5201.39,12,12,265.95,265.95,12,12,18.55,18.55,5201.39,5201.39,18.55,18.55,,,,12,265.95,12,18.55,5201.39,18.55,
807,9,47.69,8,42.39,1012.03,7900.17,9,9,1012.03,1012.03,8,8,42.39,42.39,7900.17,7900.17,47.69,47.69,,,,9,1012.03,8,42.39,7900.17,47.69,
808,NA,NA,2,16.91,NA,4083.88,0,0,223.06,459.24,2,2,16.91,16.91,4083.88,4083.88,0,20.34,,,,0,223.06,2,16.91,4083.88,0,
809,658,103.02,1029,161.1,1118.78,7860.14,658,658,1118.78,1118.78,1029,1029,161.1,161.1,7860.14,7860.14,103.02,103.02,,,,658,1118.78,1029,161.1,7860.14,103.02,
810,22,41.31,30,56.34,572.76,4499.45,22,22,572.76,572.76,30,30,56.34,56.34,4499.45,4499.45,41.31,41.31,,,,22,572.76,30,56.34,4499.45,41.31,
811,8,64.42,6,48.32,2584.96,13802.54,8,8,2584.96,2584.96,6,6,48.32,48.32,13802.54,13802.54,64.42,64.42,,,,8,2584.96,6,48.32,13802.54,64.42,
812,NA,NA,7,61.68,NA,5340.15,0,44,223.06,348.32,7,7,61.68,61.68,5340.15,5340.15,0,36.09,,,,0,223.06,7,61.68,5340.15,0,
813,2,10.24,2,10.24,450.38,4601.05,2,2,450.38,450.38,2,2,10.24,10.24,4601.05,4601.05,10.24,10.24,,,,2,450.38,2,10.24,4601.05,10.24,
814,55,37.52,56,38.2,984.34,4941.47,55,55,984.34,984.34,56,56,38.2,38.2,4941.47,4941.47,37.52,37.52,,,,55,984.34,56,38.2,4941.47,37.52,
815,8,63,0,0,259.88,3016.22,8,8,259.88,259.88,0,0,0,0,3016.22,3016.22,63,63,,,,8,259.88,0,0,3016.22,63,
816,10,41.61,7,29.12,711.46,7368.42,10,10,711.46,711.46,7,7,29.12,29.12,7368.42,7368.42,41.61,41.61,,,,10,711.46,7,29.12,7368.42,41.61,
817,2,18.97,1,9.48,749.31,12349.43,2,2,749.31,749.31,1,1,9.48,9.48,12349.43,12349.43,18.97,18.97,,,,2,749.31,1,9.48,12349.43,18.97,
818,13,38.66,7,20.82,514.53,3967.52,13,13,514.53,514.53,7,7,20.82,20.82,3967.52,3967.52,38.66,38.66,,,,13,514.53,7,20.82,3967.52,38.66,
819,1109,63.94,1549,89.31,NA,6784.1,1109,1109,223.06,368.76,1549,1549,89.31,89.31,6784.1,6784.1,63.94,63.94,,,,1109,223.06,1549,89.31,6784.1,63.94,
820,1,3.91,0,0,273.42,4886.34,1,1,273.42,273.42,0,0,0,0,4886.34,4886.34,3.91,3.91,,,,1,273.42,0,0,4886.34,3.91,
821,10,52.68,7,36.88,489.94,11189.55,10,10,489.94,489.94,7,7,36.88,36.88,11189.55,11189.55,52.68,52.68,,,,10,489.94,7,36.88,11189.55,52.68,
822,1,1.86,0,0,57.79,2464.39,1,1,57.79,57.79,0,0,0,0,2464.39,2464.39,1.86,1.86,,,,1,57.79,0,0,2464.39,1.86,
823,27,28.77,21,22.38,985.62,5843.37,27,27,985.62,985.62,21,21,22.38,22.38,5843.37,5843.37,28.77,28.77,,,,27,985.62,21,22.38,5843.37,28.77,
824,3,21.62,5,36.03,259.44,4533.01,3,3,259.44,259.44,5,5,36.03,36.03,4533.01,4533.01,21.62,21.62,,,,3,259.44,5,36.03,4533.01,21.62,
825,1,3.49,1,3.49,101.26,1386.17,1,1,101.26,101.26,1,1,3.49,3.49,1386.17,1386.17,3.49,3.49,,,,1,101.26,1,3.49,1386.17,3.49,
826,21,30.05,1,1.43,728.32,6652.17,21,21,728.32,728.32,1,1,1.43,1.43,6652.17,6652.17,30.05,30.05,,,,21,728.32,1,1.43,6652.17,30.05,
827,13,80.66,1,6.2,254.39,3623.5,13,13,254.39,254.39,1,1,6.2,6.2,3623.5,3623.5,80.66,80.66,,,,13,254.39,1,6.2,3623.5,80.66,
828,9,42.31,0,0,239.75,2848.82,9,9,239.75,239.75,0,0,0,0,2848.82,2848.82,42.31,42.31,,,,9,239.75,0,0,2848.82,42.31,
829,0,0,NA,NA,34.98,NA,0,0,34.98,34.98,0,2,0,78.17,2246.14,4071.35,0,0,,,,0,34.98,0,0,2246.14,0,
830,2,18.59,0,0,55.76,2090.88,2,2,55.76,55.76,0,0,0,0,2090.88,2090.88,18.59,18.59,,,,2,55.76,0,0,2090.88,18.59,
831,668,93.79,545,76.52,3081.26,9901.59,668,668,3081.26,3081.26,545,545,76.52,76.52,9901.59,9901.59,93.79,93.79,,,,668,3081.26,545,76.52,9901.59,93.79,
832,8,35.32,9,39.73,909.37,7323.53,8,8,909.37,909.37,9,9,39.73,39.73,7323.53,7323.53,35.32,35.32,,,,8,909.37,9,39.73,7323.53,35.32,
833,5,23.98,5,23.98,105.5,3879.54,5,5,105.5,105.5,5,5,23.98,23.98,3879.54,3879.54,23.98,23.98,,,,5,105.5,5,23.98,3879.54,23.98,
834,NA,NA,26,31.83,NA,4158.25,0,36,223.06,951.34,26,26,31.83,31.83,4158.25,4158.25,0,0,,,,0,223.06,26,31.83,4158.25,0,
835,28,28.84,20,20.6,739.5,11503.4,28,28,739.5,739.5,20,20,20.6,20.6,11503.4,11503.4,28.84,28.84,,,,28,739.5,20,20.6,11503.4,28.84,
836,33,81.73,8,19.81,321.96,6939.42,33,33,321.96,321.96,8,8,19.81,19.81,6939.42,6939.42,81.73,81.73,,,,33,321.96,8,19.81,6939.42,81.73,
837,1,1.84,4,7.38,NA,3813.53,1,1,223.06,563.33,4,4,7.38,7.38,3813.53,3813.53,1.84,1.84,,,,1,223.06,4,7.38,3813.53,1.84,
838,1,7.51,1,7.51,15.03,1059.59,1,1,15.03,15.03,1,1,7.51,7.51,1059.59,1059.59,7.51,7.51,,,,1,15.03,1,7.51,1059.59,7.51,
839,3,10.78,8,28.74,441.95,4915.38,3,3,441.95,441.95,8,8,28.74,28.74,4915.38,4915.38,10.78,10.78,,,,3,441.95,8,28.74,4915.38,10.78,
840,5,15.75,9,28.36,1726.58,5293.17,5,5,1726.58,1726.58,9,9,28.36,28.36,5293.17,5293.17,15.75,15.75,,,,5,1726.58,9,28.36,5293.17,15.75,
841,5,8.09,23,37.21,144,2103.36,5,5,144,144,23,23,37.21,37.21,2103.36,2103.36,8.09,8.09,,,,5,144,23,37.21,2103.36,8.09,
842,3,6.56,5,10.93,373.88,4309.42,3,3,373.88,373.88,5,5,10.93,10.93,4309.42,4309.42,6.56,6.56,,,,3,373.88,5,10.93,4309.42,6.56,
843,21,74.82,3,10.69,1304.02,6160.26,21,21,1304.02,1304.02,3,3,10.69,10.69,6160.26,6160.26,74.82,74.82,,,,21,1304.02,3,10.69,6160.26,74.82,
844,NA,NA,4,15.46,NA,5755.48,0,2,223.06,129.56,4,4,15.46,15.46,5755.48,5755.48,0,53.34,,,,0,223.06,4,15.46,5755.48,0,
845,NA,NA,11,23.11,NA,2604.66,0,1,223.06,320.4,11,11,23.11,23.11,2604.66,2604.66,0,31.78,,,,0,223.06,11,23.11,2604.66,0,
846,6,21.8,1,3.63,232.55,2405.44,6,6,232.55,232.55,1,1,3.63,3.63,2405.44,2405.44,21.8,21.8,,,,6,232.55,1,3.63,2405.44,21.8,
847,35,65.36,44,82.17,524.76,8117.95,35,35,524.76,524.76,44,44,82.17,82.17,8117.95,8117.95,65.36,65.36,,,,35,524.76,44,82.17,8117.95,65.36,
848,22,48.08,18,39.34,439.29,6521.55,22,22,439.29,439.29,18,18,39.34,39.34,6521.55,6521.55,48.08,48.08,,,,22,439.29,18,39.34,6521.55,48.08,
849,3,14.93,7,34.84,154.31,4514.91,3,3,154.31,154.31,7,7,34.84,34.84,4514.91,4514.91,14.93,14.93,,,,3,154.31,7,34.84,4514.91,14.93,
850,6,51.51,2,17.17,171.7,2841.69,6,6,171.7,171.7,2,2,17.17,17.17,2841.69,2841.69,51.51,51.51,,,,6,171.7,2,17.17,2841.69,51.51,
851,5,32.36,1,6.47,271.86,6964.85,5,5,271.86,271.86,1,1,6.47,6.47,6964.85,6964.85,32.36,32.36,,,,5,271.86,1,6.47,6964.85,32.36,
852,75,77.35,28,28.88,2169.92,5011.24,75,75,2169.92,2169.92,28,28,28.88,28.88,5011.24,5011.24,77.35,77.35,,,,75,2169.92,28,28.88,5011.24,77.35,
853,11,38.88,14,49.49,1124.03,9154.85,11,11,1124.03,1124.03,14,14,49.49,49.49,9154.85,9154.85,38.88,38.88,,,,11,1124.03,14,49.49,9154.85,38.88,
854,8,29.18,1,3.65,255.32,3490.54,8,8,255.32,255.32,1,1,3.65,3.65,3490.54,3490.54,29.18,29.18,,,,8,255.32,1,3.65,3490.54,29.18,
855,NA,NA,5,25.11,NA,2024.21,0,8,223.06,1308.07,5,5,25.11,25.11,2024.21,2024.21,0,150.01,,,,0,223.06,5,25.11,2024.21,0,
856,31,138.62,23,102.85,2209.01,11255.2,31,31,2209.01,2209.01,23,23,102.85,102.85,11255.2,11255.2,138.62,138.62,,,,31,2209.01,23,102.85,11255.2,138.62,
857,5,49.07,3,29.44,2119.93,13023.85,5,5,2119.93,2119.93,3,3,29.44,29.44,13023.85,13023.85,49.07,49.07,,,,5,2119.93,3,29.44,13023.85,49.07,
858,10,27.59,2,5.52,331.04,5892.58,10,10,331.04,331.04,2,2,5.52,5.52,5892.58,5892.58,27.59,27.59,,,,10,331.04,2,5.52,5892.58,27.59,
859,6,48.83,9,73.24,1000.98,6331.38,6,6,1000.98,1000.98,9,9,73.24,73.24,6331.38,6331.38,48.83,48.83,,,,6,1000.98,9,73.24,6331.38,48.83,
860,11,57.85,5,26.3,99.93,3355.42,11,11,99.93,99.93,5,5,26.3,26.3,3355.42,3355.42,57.85,57.85,,,,11,99.93,5,26.3,3355.42,57.85,
861,2,13.4,0,0,247.89,2994.77,2,2,247.89,247.89,0,0,0,0,2994.77,2994.77,13.4,13.4,,,,2,247.89,0,0,2994.77,13.4,
862,22,27.56,29,36.33,987.28,5192.01,22,22,987.28,987.28,29,29,36.33,36.33,5192.01,5192.01,27.56,27.56,,,,22,987.28,29,36.33,5192.01,27.56,
863,NA,NA,0,0,NA,2439.98,0,26,223.06,203.29,0,0,0,0,2439.98,2439.98,0,36.53,,,,0,223.06,0,0,2439.98,0,
864,0,0,2,15.04,45.13,2858.43,0,0,45.13,45.13,2,2,15.04,15.04,2858.43,2858.43,0,0,,,,0,45.13,2,15.04,2858.43,0,
865,0,0,1,7.23,354.46,4730.9,0,0,354.46,354.46,1,1,7.23,7.23,4730.9,4730.9,0,0,,,,0,354.46,1,7.23,4730.9,0,
866,6,18.84,19,59.67,1884.24,9160.57,6,6,1884.24,1884.24,19,19,59.67,59.67,9160.57,9160.57,18.84,18.84,,,,6,1884.24,19,59.67,9160.57,18.84,
867,16,30.41,22,41.81,309.78,2708.2,16,16,309.78,309.78,22,22,41.81,41.81,2708.2,2708.2,30.41,30.41,,,,16,309.78,22,41.81,2708.2,30.41,
868,11,45.17,6,24.64,332.61,3646.37,11,11,332.61,332.61,6,6,24.64,24.64,3646.37,3646.37,45.17,45.17,,,,11,332.61,6,24.64,3646.37,45.17,
869,NA,NA,1,7.47,NA,1345.39,0,87,223.06,1093.88,1,1,7.47,7.47,1345.39,1345.39,0,60.08,,,,0,223.06,1,7.47,1345.39,0,
870,NA,NA,6,31.58,NA,5232.13,0,28,223.06,1300.88,6,6,31.58,31.58,5232.13,5232.13,0,93.11,,,,0,223.06,6,31.58,5232.13,0,
871,3,16.24,8,43.3,167.79,3112.31,3,3,167.79,167.79,8,8,43.3,43.3,3112.31,3112.31,16.24,16.24,,,,3,167.79,8,43.3,3112.31,16.24,
872,7,16.55,NA,NA,208.03,NA,7,7,208.03,208.03,0,12,0,14.31,2246.14,3280.91,16.55,16.55,,,,7,208.03,0,0,2246.14,16.55,
873,5,18.87,4,15.09,264.12,7399.16,5,5,264.12,264.12,4,4,15.09,15.09,7399.16,7399.16,18.87,18.87,,,,5,264.12,4,15.09,7399.16,18.87,
874,3,12.84,0,0,106.98,1377.95,3,3,106.98,106.98,0,0,0,0,1377.95,1377.95,12.84,12.84,,,,3,106.98,0,0,1377.95,12.84,
875,2,16.59,3,24.88,348.32,5382.32,2,2,348.32,348.32,3,3,24.88,24.88,5382.32,5382.32,16.59,16.59,,,,2,348.32,3,24.88,5382.32,16.59,
876,7,26.38,0,0,286.4,3764.7,7,7,286.4,286.4,0,0,0,0,3764.7,3764.7,26.38,26.38,,,,7,286.4,0,0,3764.7,26.38,
877,8,62.56,6,46.92,742.94,5802.77,8,8,742.94,742.94,6,6,46.92,46.92,5802.77,5802.77,62.56,62.56,,,,8,742.94,6,46.92,5802.77,62.56,
878,11,27.18,8,19.77,353.39,2444.09,11,11,353.39,353.39,8,8,19.77,19.77,2444.09,2444.09,27.18,27.18,,,,11,353.39,8,19.77,2444.09,27.18,
879,2,10.78,11,59.31,803.36,5154.47,2,2,803.36,803.36,11,11,59.31,59.31,5154.47,5154.47,10.78,10.78,,,,2,803.36,11,59.31,5154.47,10.78,
880,0,0,1,7.72,84.88,2253.09,0,0,84.88,84.88,1,1,7.72,7.72,2253.09,2253.09,0,0,,,,0,84.88,1,7.72,2253.09,0,
881,1,4.23,8,33.83,346.72,6054.97,1,1,346.72,346.72,8,8,33.83,33.83,6054.97,6054.97,4.23,4.23,,,,1,346.72,8,33.83,6054.97,4.23,
882,725,117.13,585,94.51,1633.81,8501.39,725,725,1633.81,1633.81,585,585,94.51,94.51,8501.39,8501.39,117.13,117.13,,,,725,1633.81,585,94.51,8501.39,117.13,
883,5,25.22,4,20.18,786.89,2133.67,5,5,786.89,786.89,4,4,20.18,20.18,2133.67,2133.67,25.22,25.22,,,,5,786.89,4,20.18,2133.67,25.22,
884,3,22.53,5,37.55,360.5,6023.28,3,3,360.5,360.5,5,5,37.55,37.55,6023.28,6023.28,22.53,22.53,,,,3,360.5,5,37.55,6023.28,22.53,
885,16,42.39,18,47.69,267.59,3799.28,16,16,267.59,267.59,18,18,47.69,47.69,3799.28,3799.28,42.39,42.39,,,,16,267.59,18,47.69,3799.28,42.39,
886,3,15.83,5,26.38,538.17,5550.57,3,3,538.17,538.17,5,5,26.38,26.38,5550.57,5550.57,15.83,15.83,,,,3,538.17,5,26.38,5550.57,15.83,
887,4,31.73,5,39.66,499.72,8043.15,4,4,499.72,499.72,5,5,39.66,39.66,8043.15,8043.15,31.73,31.73,,,,4,499.72,5,39.66,8043.15,31.73,
888,NA,NA,3,17.6,NA,3496.83,0,5,223.06,1399.48,3,3,17.6,17.6,3496.83,3496.83,0,10.65,,,,0,223.06,3,17.6,3496.83,0,
889,6,34.04,6,34.04,198.58,6683.69,6,6,198.58,198.58,6,6,34.04,34.04,6683.69,6683.69,34.04,34.04,,,,6,198.58,6,34.04,6683.69,34.04,
890,16,22.04,12,16.53,410.47,3629.48,16,16,410.47,410.47,12,12,16.53,16.53,3629.48,3629.48,22.04,22.04,,,,16,410.47,12,16.53,3629.48,22.04,
891,5,21.63,2,8.65,1276.17,4771.59,5,5,1276.17,1276.17,2,2,8.65,8.65,4771.59,4771.59,21.63,21.63,,,,5,1276.17,2,8.65,4771.59,21.63,
892,2,5.29,9,23.81,58.2,2084.49,2,2,58.2,58.2,9,9,23.81,23.81,2084.49,2084.49,5.29,5.29,,,,2,58.2,9,23.81,2084.49,5.29,
893,0,0,0,0,143.18,1988.55,0,0,143.18,143.18,0,0,0,0,1988.55,1988.55,0,0,,,,0,143.18,0,0,1988.55,0,
894,NA,NA,86,71.51,NA,6197.61,0,3,223.06,390.93,86,86,71.51,71.51,6197.61,6197.61,0,31.14,,,,0,223.06,86,71.51,6197.61,0,
895,4,12.9,4,12.9,206.47,3229.34,4,4,206.47,206.47,4,4,12.9,12.9,3229.34,3229.34,12.9,12.9,,,,4,206.47,4,12.9,3229.34,12.9,
896,18,30.05,55,91.82,1644.35,7692.56,18,18,1644.35,1644.35,55,55,91.82,91.82,7692.56,7692.56,30.05,30.05,,,,18,1644.35,55,91.82,7692.56,30.05,
897,9,73.53,3,24.51,1282.68,8545.75,9,9,1282.68,1282.68,3,3,24.51,24.51,8545.75,8545.75,73.53,73.53,,,,9,1282.68,3,24.51,8545.75,73.53,
898,5,8.92,10,17.84,194.49,3855.9,5,5,194.49,194.49,10,10,17.84,17.84,3855.9,3855.9,8.92,8.92,,,,5,194.49,10,17.84,3855.9,8.92,
899,4,30.14,0,0,97.97,2449.13,4,4,97.97,97.97,0,0,0,0,2449.13,2449.13,30.14,30.14,,,,4,97.97,0,0,2449.13,30.14,
900,7,32.41,1,4.63,541.74,5922.12,7,7,541.74,541.74,1,1,4.63,4.63,5922.12,5922.12,32.41,32.41,,,,7,541.74,1,4.63,5922.12,32.41,
901,4,33.21,1,8.3,838.59,9407.17,4,4,838.59,838.59,1,1,8.3,8.3,9407.17,9407.17,33.21,33.21,,,,4,838.59,1,8.3,9407.17,33.21,
902,30,128.6,8,34.29,3364.91,14008.32,30,30,3364.91,3364.91,8,8,34.29,34.29,14008.32,14008.32,128.6,128.6,,,,30,3364.91,8,34.29,14008.32,128.6,
903,7,23.69,57,192.93,700.63,3604.67,7,7,700.63,700.63,57,57,192.93,192.93,3604.67,3604.67,23.69,23.69,,,,7,700.63,57,192.93,3604.67,23.69,
904,16,18.11,17,19.24,320.3,4810.2,16,16,320.3,320.3,17,17,19.24,19.24,4810.2,4810.2,18.11,18.11,,,,16,320.3,17,19.24,4810.2,18.11,
905,14,37.57,37,99.29,880.21,9164.34,14,14,880.21,880.21,37,37,99.29,99.29,9164.34,9164.34,37.57,37.57,,,,14,880.21,37,99.29,9164.34,37.57,
906,6,33.84,9,50.77,428.7,4078.29,6,6,428.7,428.7,9,9,50.77,50.77,4078.29,4078.29,33.84,33.84,,,,6,428.7,9,50.77,4078.29,33.84,
907,NA,NA,3,26.79,NA,5759.96,0,4,223.06,327.36,3,3,26.79,26.79,5759.96,5759.96,0,0,,,,0,223.06,3,26.79,5759.96,0,
908,NA,NA,0,0,NA,2064.9,0,298,223.06,99.47,0,0,0,0,2064.9,2064.9,0,21.8,,,,0,223.06,0,0,2064.9,0,
909,39,58.86,8,12.07,774.19,6688.5,39,39,774.19,774.19,8,8,12.07,12.07,6688.5,6688.5,58.86,58.86,,,,39,774.19,8,12.07,6688.5,58.86,
910,51,45.28,29,25.75,581.49,5835.3,51,51,581.49,581.49,29,29,25.75,25.75,5835.3,5835.3,45.28,45.28,,,,51,581.49,29,25.75,5835.3,45.28,
911,4,22.63,2,11.31,503.48,6579.17,4,4,503.48,503.48,2,2,11.31,11.31,6579.17,6579.17,22.63,22.63,,,,4,503.48,2,11.31,6579.17,22.63,
912,3,12.87,3,12.87,111.56,4376.74,3,3,111.56,111.56,3,3,12.87,12.87,4376.74,4376.74,12.87,12.87,,,,3,111.56,3,12.87,4376.74,12.87,
913,9,73.81,3,24.6,459.24,3345.91,9,9,459.24,459.24,3,3,24.6,24.6,3345.91,3345.91,73.81,73.81,,,,9,459.24,3,24.6,3345.91,73.81,
914,12,38.84,23,74.45,233.06,4017.09,12,12,233.06,233.06,23,23,74.45,74.45,4017.09,4017.09,38.84,38.84,,,,12,233.06,23,74.45,4017.09,38.84,
915,5,37.07,3,22.24,378.11,3024.91,5,5,378.11,378.11,3,3,22.24,22.24,3024.91,3024.91,37.07,37.07,,,,5,378.11,3,22.24,3024.91,37.07,
916,4,10.74,8,21.48,217.44,4225.28,4,4,217.44,217.44,8,8,21.48,21.48,4225.28,4225.28,10.74,10.74,,,,4,217.44,8,21.48,4225.28,10.74,
917,NA,NA,23,58.3,NA,5842.69,0,13,223.06,1633.81,23,23,58.3,58.3,5842.69,5842.69,0,7.34,,,,0,223.06,23,58.3,5842.69,0,
918,5,37.21,NA,NA,238.15,NA,5,5,238.15,238.15,0,1,0,0,2246.14,3973.1,37.21,37.21,,,,5,238.15,0,0,2246.14,37.21,
919,15,15.53,16,16.57,453.49,3505.76,15,15,453.49,453.49,16,16,16.57,16.57,3505.76,3505.76,15.53,15.53,,,,15,453.49,16,16.57,3505.76,15.53,
920,0,0,0,0,27.66,1069.52,0,0,27.66,27.66,0,0,0,0,1069.52,1069.52,0,0,,,,0,27.66,0,0,1069.52,0,
921,NA,NA,18,127.7,NA,12061.01,0,8,223.06,186.81,18,18,127.7,127.7,12061.01,12061.01,0,76.25,,,,0,223.06,18,127.7,12061.01,0,
922,1,8.39,3,25.16,377.36,4293.5,1,1,377.36,377.36,3,3,25.16,25.16,4293.5,4293.5,8.39,8.39,,,,1,377.36,3,25.16,4293.5,8.39,
923,12,9.5,38,30.1,111.68,3520.65,12,12,111.68,111.68,38,38,30.1,30.1,3520.65,3520.65,9.5,9.5,,,,12,111.68,38,30.1,3520.65,9.5,
924,2,12.31,1,6.16,215.44,5884.53,2,2,215.44,215.44,1,1,6.16,6.16,5884.53,5884.53,12.31,12.31,,,,2,215.44,1,6.16,5884.53,12.31,
925,18,44.25,17,41.79,1214.45,6534.41,18,18,1214.45,1214.45,17,17,41.79,41.79,6534.41,6534.41,44.25,44.25,,,,18,1214.45,17,41.79,6534.41,44.25,
926,2,8.14,4,16.28,174.98,3316.51,2,2,174.98,174.98,4,4,16.28,16.28,3316.51,3316.51,8.14,8.14,,,,2,174.98,4,16.28,3316.51,8.14,
927,16,14.89,24,22.33,237.24,2453.34,16,16,237.24,237.24,24,24,22.33,22.33,2453.34,2453.34,14.89,14.89,,,,16,237.24,24,22.33,2453.34,14.89,
928,NA,NA,2,4.98,NA,1546.43,0,2,223.06,174.98,2,2,4.98,4.98,1546.43,1546.43,0,11.07,,,,0,223.06,2,4.98,1546.43,0,
929,1,4.13,0,0,78.56,1649.71,1,1,78.56,78.56,0,0,0,0,1649.71,1649.71,4.13,4.13,,,,1,78.56,0,0,1649.71,4.13,
930,2,4.28,0,0,529.02,3452.56,2,2,529.02,529.02,0,0,0,0,3452.56,3452.56,4.28,4.28,,,,2,529.02,0,0,3452.56,4.28,
931,10,92.6,18,166.68,1444.58,6982.13,10,10,1444.58,1444.58,18,18,166.68,166.68,6982.13,6982.13,92.6,92.6,,,,10,1444.58,18,166.68,6982.13,92.6,
932,9,41.68,5,23.16,926.23,6080.67,9,9,926.23,926.23,5,5,23.16,23.16,6080.67,6080.67,41.68,41.68,,,,9,926.23,5,23.16,6080.67,41.68,
933,1,5.61,0,0,61.66,1154.71,1,1,61.66,61.66,0,0,0,0,1154.71,1154.71,5.61,5.61,,,,1,61.66,0,0,1154.71,5.61,
934,2,14.1,0,0,155.09,2629.54,2,2,155.09,155.09,0,0,0,0,2629.54,2629.54,14.1,14.1,,,,2,155.09,0,0,2629.54,14.1,
935,8,22.22,5,13.89,433.21,5695.64,8,8,433.21,433.21,5,5,13.89,13.89,5695.64,5695.64,22.22,22.22,,,,8,433.21,5,13.89,5695.64,22.22,
936,3,14.78,3,14.78,88.69,2049.66,3,3,88.69,88.69,3,3,14.78,14.78,2049.66,2049.66,14.78,14.78,,,,3,88.69,3,14.78,2049.66,14.78,
937,0,0,1,3.91,11.72,917.97,0,0,11.72,11.72,1,1,3.91,3.91,917.97,917.97,0,0,,,,0,11.72,1,3.91,917.97,0,
938,35,62.43,6,10.7,285.38,3708.2,35,35,285.38,285.38,6,6,10.7,10.7,3708.2,3708.2,62.43,62.43,,,,35,285.38,6,10.7,3708.2,62.43,
939,54,87.24,8,12.92,827.14,6242.33,54,54,827.14,827.14,8,8,12.92,12.92,6242.33,6242.33,87.24,87.24,,,,54,827.14,8,12.92,6242.33,87.24,
940,5,43.58,1,8.72,278.92,5308.11,5,5,278.92,278.92,1,1,8.72,8.72,5308.11,5308.11,43.58,43.58,,,,5,278.92,1,8.72,5308.11,43.58,
941,0,0,3,118.16,2008.66,14021.27,0,0,2008.66,2008.66,3,3,118.16,118.16,14021.27,14021.27,0,0,,,,0,2008.66,3,118.16,14021.27,0,
942,3,13.65,2,9.1,450.45,4659.2,3,3,450.45,450.45,2,2,9.1,9.1,4659.2,4659.2,13.65,13.65,,,,3,450.45,2,9.1,4659.2,13.65,
943,20,76.25,24,91.5,236.38,4373.02,20,20,236.38,236.38,24,24,91.5,91.5,4373.02,4373.02,76.25,76.25,,,,20,236.38,24,91.5,4373.02,76.25,
944,1,7.36,0,0,368.19,751.1,1,1,368.19,368.19,0,0,0,0,751.1,751.1,7.36,7.36,,,,1,368.19,0,0,751.1,7.36,
945,11,60.13,0,0,825.36,7165.89,11,11,825.36,825.36,0,0,0,0,7165.89,7165.89,60.13,60.13,,,,11,825.36,0,0,7165.89,60.13,
946,0,0,2,7.8,39.02,1342.18,0,0,39.02,39.02,2,2,7.8,7.8,1342.18,1342.18,0,0,,,,0,39.02,2,7.8,1342.18,0,
947,2,6.68,1,3.34,624.31,2670.85,2,2,624.31,624.31,1,1,3.34,3.34,2670.85,2670.85,6.68,6.68,,,,2,624.31,1,3.34,2670.85,6.68,
948,84,42.97,233,119.19,461.42,7589.33,84,84,461.42,461.42,233,233,119.19,119.19,7589.33,7589.33,42.97,42.97,,,,84,461.42,233,119.19,7589.33,42.97,
949,6,19.96,4,13.31,123.1,3396.77,6,6,123.1,123.1,4,4,13.31,13.31,3396.77,3396.77,19.96,19.96,,,,6,123.1,4,13.31,3396.77,19.96,
950,NA,NA,13,16.2,NA,6927.24,0,56,223.06,204.97,13,13,16.2,16.2,6927.24,6927.24,0,31.05,,,,0,223.06,13,16.2,6927.24,0,
951,4,27.65,4,27.65,214.31,2468.03,4,4,214.31,214.31,4,4,27.65,27.65,2468.03,2468.03,27.65,27.65,,,,4,214.31,4,27.65,2468.03,27.65,
952,1,1.66,9,14.96,225.99,3845.13,1,1,225.99,225.99,9,9,14.96,14.96,3845.13,3845.13,1.66,1.66,,,,1,225.99,9,14.96,3845.13,1.66,
953,NA,NA,4,18.34,NA,3553.58,0,3,223.06,440.66,4,4,18.34,18.34,3553.58,3553.58,0,40.13,,,,0,223.06,4,18.34,3553.58,0,
954,6,40.21,4,26.81,134.03,3752.85,6,6,134.03,134.03,4,4,26.81,26.81,3752.85,3752.85,40.21,40.21,,,,6,134.03,4,26.81,3752.85,40.21,
955,NA,NA,4,17.31,NA,3029.39,0,6,223.06,492.4,4,4,17.31,17.31,3029.39,3029.39,0,45.19,,,,0,223.06,4,17.31,3029.39,0,
956,19,31.97,18,30.29,395.44,4073.84,19,19,395.44,395.44,18,18,30.29,30.29,4073.84,4073.84,31.97,31.97,,,,19,395.44,18,30.29,4073.84,31.97,
957,5,18.21,7,25.5,284.14,3508.07,5,5,284.14,284.14,7,7,25.5,25.5,3508.07,3508.07,18.21,18.21,,,,5,284.14,7,25.5,3508.07,18.21,
958,8,52.16,0,0,508.57,2549.39,8,8,508.57,508.57,0,0,0,0,2549.39,2549.39,52.16,52.16,,,,8,508.57,0,0,2549.39,52.16,
959,6,50.83,0,0,118.6,2685.53,6,6,118.6,118.6,0,0,0,0,2685.53,2685.53,50.83,50.83,,,,6,118.6,0,0,2685.53,50.83,
960,4,30.37,2,15.19,258.16,5011.39,4,4,258.16,258.16,2,2,15.19,15.19,5011.39,5011.39,30.37,30.37,,,,4,258.16,2,15.19,5011.39,30.37,
961,1,8.5,NA,NA,25.51,NA,1,1,25.51,25.51,0,1,0,20.97,2246.14,4071.35,8.5,8.5,,,,1,25.51,0,0,2246.14,8.5,
962,0,0,3,18.65,478.65,5613.23,0,0,478.65,478.65,3,3,18.65,18.65,5613.23,5613.23,0,0,,,,0,478.65,3,18.65,5613.23,0,
963,17,31.52,16,29.67,904.83,3982.72,17,17,904.83,904.83,16,16,29.67,29.67,3982.72,3982.72,31.52,31.52,,,,17,904.83,16,29.67,3982.72,31.52,
964,5,31.34,7,43.88,532.85,4783.1,5,5,532.85,532.85,7,7,43.88,43.88,4783.1,4783.1,31.34,31.34,,,,5,532.85,7,43.88,4783.1,31.34,
965,0,0,1,8.2,24.59,696.61,0,0,24.59,24.59,1,1,8.2,8.2,696.61,696.61,0,0,,,,0,24.59,1,8.2,696.61,0,
966,14,42.96,2,6.14,589.14,7149.43,14,14,589.14,589.14,2,2,6.14,6.14,7149.43,7149.43,42.96,42.96,,,,14,589.14,2,6.14,7149.43,42.96,
967,44,32.63,51,37.82,1280.74,5938.71,44,44,1280.74,1280.74,51,51,37.82,37.82,5938.71,5938.71,32.63,32.63,,,,44,1280.74,51,37.82,5938.71,32.63,
968,15,53.87,22,79.01,506.39,3541.16,15,15,506.39,506.39,22,22,79.01,79.01,3541.16,3541.16,53.87,53.87,,,,15,506.39,22,79.01,3541.16,53.87,
969,2,9.81,NA,NA,853.28,NA,2,2,853.28,853.28,0,5,0,88.39,2246.14,7702.22,9.81,9.81,,,,2,853.28,0,0,2246.14,9.81,
970,0,0,0,0,123.17,5166.28,0,0,123.17,123.17,0,0,0,0,5166.28,5166.28,0,0,,,,0,123.17,0,0,5166.28,0,
971,1,8.96,1,8.96,456.87,1702.05,1,1,456.87,456.87,1,1,8.96,8.96,1702.05,1702.05,8.96,8.96,,,,1,456.87,1,8.96,1702.05,8.96,
972,5,47.29,1,9.46,397.28,4048.43,5,5,397.28,397.28,1,1,9.46,9.46,4048.43,4048.43,47.29,47.29,,,,5,397.28,1,9.46,4048.43,47.29,
973,12,65.47,4,21.82,1964.1,12766.65,12,12,1964.1,1964.1,4,4,21.82,21.82,12766.65,12766.65,65.47,65.47,,,,12,1964.1,4,21.82,12766.65,65.47,
974,29,67.62,73,170.22,1587.93,8580.89,29,29,1587.93,1587.93,73,73,170.22,170.22,8580.89,8580.89,67.62,67.62,,,,29,1587.93,73,170.22,8580.89,67.62,
975,3,17.21,0,0,45.89,3092.01,3,3,45.89,45.89,0,0,0,0,3092.01,3092.01,17.21,17.21,,,,3,45.89,0,0,3092.01,17.21,
976,5,30.13,1,6.03,391.64,4295.96,5,5,391.64,391.64,1,1,6.03,6.03,4295.96,4295.96,30.13,30.13,,,,5,391.64,1,6.03,4295.96,30.13,
977,19,37.07,26,50.73,345.37,5715.12,19,19,345.37,345.37,26,26,50.73,50.73,5715.12,5715.12,37.07,37.07,,,,19,345.37,26,50.73,5715.12,37.07,
978,111,34.19,86,26.49,719.23,6744.72,111,111,719.23,719.23,86,86,26.49,26.49,6744.72,6744.72,34.19,34.19,,,,111,719.23,86,26.49,6744.72,34.19,
979,3,20.37,0,0,312.39,2159.59,3,3,312.39,312.39,0,0,0,0,2159.59,2159.59,20.37,20.37,,,,3,312.39,0,0,2159.59,20.37,
980,NA,NA,1,7.64,NA,2122.79,0,6,223.06,87.96,1,1,7.64,7.64,2122.79,2122.79,0,28.5,,,,0,223.06,1,7.64,2122.79,0,
981,NA,NA,2,16.68,NA,5862.24,0,1,223.06,353.83,2,2,16.68,16.68,5862.24,5862.24,0,100.23,,,,0,223.06,2,16.68,5862.24,0,
982,8,36.19,6,27.15,389.09,4569.52,8,8,389.09,389.09,6,6,27.15,27.15,4569.52,4569.52,36.19,36.19,,,,8,389.09,6,27.15,4569.52,36.19,
983,5,8.9,21,37.38,377.37,3809.32,5,5,377.37,377.37,21,21,37.38,37.38,3809.32,3809.32,8.9,8.9,,,,5,377.37,21,37.38,3809.32,8.9,
984,2,19.1,3,28.65,257.86,1537.58,2,2,257.86,257.86,3,3,28.65,28.65,1537.58,1537.58,19.1,19.1,,,,2,257.86,3,28.65,1537.58,19.1,
985,2,10.24,11,56.34,962.82,10739.53,2,2,962.82,962.82,11,11,56.34,56.34,10739.53,10739.53,10.24,10.24,,,,2,962.82,11,56.34,10739.53,10.24,
986,0,0,6,25.8,124.69,1835.93,0,0,124.69,124.69,6,6,25.8,25.8,1835.93,1835.93,0,0,,,,0,124.69,6,25.8,1835.93,0,
987,49,34.74,73,51.76,455.92,5054.1,49,49,455.92,455.92,73,73,51.76,51.76,5054.1,5054.1,34.74,34.74,,,,49,455.92,73,51.76,5054.1,34.74,
988,1,6.67,NA,NA,93.44,NA,1,1,93.44,93.44,0,2282,0,18.88,2246.14,3115.73,6.67,6.67,,,,1,93.44,0,0,2246.14,6.67,
989,23,49.71,0,0,3834.1,8997.38,23,23,3834.1,3834.1,0,0,0,0,8997.38,8997.38,49.71,49.71,,,,23,3834.1,0,0,8997.38,49.71,
990,NA,NA,41,59.49,NA,6260.61,0,1,223.06,536.23,41,41,59.49,59.49,6260.61,6260.61,0,13.61,,,,0,223.06,41,59.49,6260.61,0,
991,0,0,0,0,36.91,3617.57,0,0,36.91,36.91,0,0,0,0,3617.57,3617.57,0,0,,,,0,36.91,0,0,3617.57,0,
992,212,83.63,105,41.42,872.98,5535.31,212,212,872.98,872.98,105,105,41.42,41.42,5535.31,5535.31,83.63,83.63,,,,212,872.98,105,41.42,5535.31,83.63,
993,67,39.88,45,26.78,401.73,6063.49,67,67,401.73,401.73,45,45,26.78,26.78,6063.49,6063.49,39.88,39.88,,,,67,401.73,45,26.78,6063.49,39.88,
994,20,76.72,7,26.85,1331.08,4814.15,20,20,1331.08,1331.08,7,7,26.85,26.85,4814.15,4814.15,76.72,76.72,,,,20,1331.08,7,26.85,4814.15,76.72,
995,0,0,0,0,31.51,992.67,0,0,31.51,31.51,0,0,0,0,992.67,992.67,0,0,,,,0,31.51,0,0,992.67,0,
996,39,99.49,20,51.02,1153.03,7048.29,39,39,1153.03,1153.03,20,20,51.02,51.02,7048.29,7048.29,99.49,99.49,,,,39,1153.03,20,51.02,7048.29,99.49,
997,6,21.87,9,32.8,127.57,4516.13,6,6,127.57,127.57,9,9,32.8,32.8,4516.13,4516.13,21.87,21.87,,,,6,127.57,9,32.8,4516.13,21.87,
998,50,48.58,52,50.52,869.6,7573.77,50,50,869.6,869.6,52,52,50.52,50.52,7573.77,7573.77,48.58,48.58,,,,50,869.6,52,50.52,7573.77,48.58,
999,3,17.96,1,5.99,173.57,2735.22,3,3,173.57,173.57,1,1,5.99,5.99,2735.22,2735.22,17.96,17.96,,,,3,173.57,1,5.99,2735.22,17.96,
1000,8,24.28,4,12.14,203.33,3842.07,8,8,203.33,203.33,4,4,12.14,12.14,3842.07,3842.07,24.28,24.28,,,,8,203.33,4,12.14,3842.07,24.28,
1001,21,90.47,18,77.55,1391.58,12127.87,21,21,1391.58,1391.58,18,18,77.55,77.55,12127.87,12127.87,90.47,90.47,,,,21,1391.58,18,77.55,12127.87,90.47,
1002,1,8.17,11,89.92,384.21,2542.3,1,1,384.21,384.21,11,11,89.92,89.92,2542.3,2542.3,8.17,8.17,,,,1,384.21,11,89.92,2542.3,8.17,
1003,1,2.75,2,5.5,27.49,1836.38,1,1,27.49,27.49,2,2,5.5,5.5,1836.38,1836.38,2.75,2.75,,,,1,27.49,2,5.5,1836.38,2.75,
1004,23,59.63,17,44.07,956.68,8241.94,23,23,956.68,956.68,17,17,44.07,44.07,8241.94,8241.94,59.63,59.63,,,,23,956.68,17,44.07,8241.94,59.63,
1005,46,125.16,102,277.54,3583.48,27010.77,46,46,3583.48,3583.48,102,102,277.54,277.54,27010.77,27010.77,125.16,125.16,,,,46,3583.48,102,277.54,27010.77,125.16,
1006,12,20.42,33,56.15,345.39,5361.21,12,12,345.39,345.39,33,33,56.15,56.15,5361.21,5361.21,20.42,20.42,,,,12,345.39,33,56.15,5361.21,20.42,
1007,7,29.81,10,42.58,711.12,5344.06,7,7,711.12,711.12,10,10,42.58,42.58,5344.06,5344.06,29.81,29.81,,,,7,711.12,10,42.58,5344.06,29.81,
1008,2,17.12,0,0,231.16,1832.19,2,2,231.16,231.16,0,0,0,0,1832.19,1832.19,17.12,17.12,,,,2,231.16,0,0,1832.19,17.12,
1009,1,8.19,0,0,147.49,4285.48,1,1,147.49,147.49,0,0,0,0,4285.48,4285.48,8.19,8.19,,,,1,147.49,0,0,4285.48,8.19,
1010,NA,NA,10,25.9,NA,4839,0,4,223.06,435.6,10,10,25.9,25.9,4839,4839,0,96.87,,,,0,223.06,10,25.9,4839,0,
1011,10,52.19,5,26.09,506.21,4315.83,10,10,506.21,506.21,5,5,26.09,26.09,4315.83,4315.83,52.19,52.19,,,,10,506.21,5,26.09,4315.83,52.19,
1012,1,9.24,0,0,535.75,1995.2,1,1,535.75,535.75,0,0,0,0,1995.2,1995.2,9.24,9.24,,,,1,535.75,0,0,1995.2,9.24,
1013,4,15.37,4,15.37,211.4,5796.21,4,4,211.4,211.4,4,4,15.37,15.37,5796.21,5796.21,15.37,15.37,,,,4,211.4,4,15.37,5796.21,15.37,
1014,10,70.42,12,84.5,521.09,6724.88,10,10,521.09,521.09,12,12,84.5,84.5,6724.88,6724.88,70.42,70.42,,,,10,521.09,12,84.5,6724.88,70.42,
1015,31,53.61,34,58.8,1469.9,7496.5,31,31,1469.9,1469.9,34,34,58.8,58.8,7496.5,7496.5,53.61,53.61,,,,31,1469.9,34,58.8,7496.5,53.61,
1016,0,0,1,7.6,68.39,1732.65,0,0,68.39,68.39,1,1,7.6,7.6,1732.65,1732.65,0,0,,,,0,68.39,1,7.6,1732.65,0,
1017,7,37.63,0,0,188.13,3794.88,7,7,188.13,188.13,0,0,0,0,3794.88,3794.88,37.63,37.63,,,,7,188.13,0,0,3794.88,37.63,
1018,11,17.27,15,23.56,314.07,4690.64,11,11,314.07,314.07,15,15,23.56,23.56,4690.64,4690.64,17.27,17.27,,,,11,314.07,15,23.56,4690.64,17.27,
1019,1,8.71,0,0,235.07,4762.32,1,1,235.07,235.07,0,0,0,0,4762.32,4762.32,8.71,8.71,,,,1,235.07,0,0,4762.32,8.71,
1020,4,21.49,0,0,96.73,2015.15,4,4,96.73,96.73,0,0,0,0,2015.15,2015.15,21.49,21.49,,,,4,96.73,0,0,2015.15,21.49,
1021,23,54.99,25,59.78,920.55,8139.06,23,23,920.55,920.55,25,25,59.78,59.78,8139.06,8139.06,54.99,54.99,,,,23,920.55,25,59.78,8139.06,54.99,
1022,11,21.51,11,21.51,791.96,6476.47,11,11,791.96,791.96,11,11,21.51,21.51,6476.47,6476.47,21.51,21.51,,,,11,791.96,11,21.51,6476.47,21.51,
1023,NA,NA,16,21.41,NA,7387.18,0,5,223.06,1304.78,16,16,21.41,21.41,7387.18,7387.18,0,6.17,,,,0,223.06,16,21.41,7387.18,0,
1024,NA,NA,15,140.88,NA,7401.15,0,6,223.06,426.57,15,15,140.88,140.88,7401.15,7401.15,0,11.35,,,,0,223.06,15,140.88,7401.15,0,
1025,10,83.83,0,0,1064.63,2975.94,10,10,1064.63,1064.63,0,0,0,0,2975.94,2975.94,83.83,83.83,,,,10,1064.63,0,0,2975.94,83.83,
1026,9,23.22,20,51.6,278.64,2706.47,9,9,278.64,278.64,20,20,51.6,51.6,2706.47,2706.47,23.22,23.22,,,,9,278.64,20,51.6,2706.47,23.22,
1027,NA,NA,2,9.98,NA,4712.22,0,5,223.06,132.89,2,2,9.98,9.98,4712.22,4712.22,0,0,,,,0,223.06,2,9.98,4712.22,0,
1028,0,0,3,8.77,67.2,4227.9,0,0,67.2,67.2,3,3,8.77,8.77,4227.9,4227.9,0,0,,,,0,67.2,3,8.77,4227.9,0,
1029,18,98.99,3,16.5,824.95,2826.82,18,18,824.95,824.95,3,3,16.5,16.5,2826.82,2826.82,98.99,98.99,,,,18,824.95,3,16.5,2826.82,98.99,
1030,4,22.2,NA,NA,155.37,NA,4,4,155.37,155.37,0,10,0,45.81,2246.14,7746.48,22.2,22.2,,,,4,155.37,0,0,2246.14,22.2,
1031,3,11.87,3,11.87,166.15,2713.82,3,3,166.15,166.15,3,3,11.87,11.87,2713.82,2713.82,11.87,11.87,,,,3,166.15,3,11.87,2713.82,11.87,
1032,9,18.22,5,10.12,125.54,5088.28,9,9,125.54,125.54,5,5,10.12,10.12,5088.28,5088.28,18.22,18.22,,,,9,125.54,5,10.12,5088.28,18.22,
1033,46,54.63,50,59.38,951.34,5904.01,46,46,951.34,951.34,50,50,59.38,59.38,5904.01,5904.01,54.63,54.63,,,,46,951.34,50,59.38,5904.01,54.63,
1034,14,120.54,1,8.61,1334.6,12493.54,14,14,1334.6,1334.6,1,1,8.61,8.61,12493.54,12493.54,120.54,120.54,,,,14,1334.6,1,8.61,12493.54,120.54,
1035,0,0,2,13.72,48.01,2489.71,0,0,48.01,48.01,2,2,13.72,13.72,2489.71,2489.71,0,0,,,,0,48.01,2,13.72,2489.71,0,
1036,4,13.19,0,0,98.95,2315.53,4,4,98.95,98.95,0,0,0,0,2315.53,2315.53,13.19,13.19,,,,4,98.95,0,0,2315.53,13.19,
1037,12,31.89,12,31.89,441.08,5056.46,12,12,441.08,441.08,12,12,31.89,31.89,5056.46,5056.46,31.89,31.89,,,,12,441.08,12,31.89,5056.46,31.89,
1038,1,3.94,8,31.49,204.68,3192.28,1,1,204.68,204.68,8,8,31.49,31.49,3192.28,3192.28,3.94,3.94,,,,1,204.68,8,31.49,3192.28,3.94,
1039,0,0,1,8.07,56.51,5085.98,0,0,56.51,56.51,1,1,8.07,8.07,5085.98,5085.98,0,0,,,,0,56.51,1,8.07,5085.98,0,
1040,11,35.25,11,35.25,474.31,3214.43,11,11,474.31,474.31,11,11,35.25,35.25,3214.43,3214.43,35.25,35.25,,,,11,474.31,11,35.25,3214.43,35.25,
1041,216,55.6,659,169.63,1418.55,9454.95,216,216,1418.55,1418.55,659,659,169.63,169.63,9454.95,9454.95,55.6,55.6,,,,216,1418.55,659,169.63,9454.95,55.6,
1042,28,24.34,31,26.95,953.67,8977.74,28,28,953.67,953.67,31,31,26.95,26.95,8977.74,8977.74,24.34,24.34,,,,28,953.67,31,26.95,8977.74,24.34,
1043,13,87.78,2,13.51,1215.48,5422.38,13,13,1215.48,1215.48,2,2,13.51,13.51,5422.38,5422.38,87.78,87.78,,,,13,1215.48,2,13.51,5422.38,87.78,
1044,36,30.65,31,26.39,530.44,6200.09,36,36,530.44,530.44,31,31,26.39,26.39,6200.09,6200.09,30.65,30.65,,,,36,530.44,31,26.39,6200.09,30.65,
1045,10,77.86,8,62.29,537.26,7249.09,10,10,537.26,537.26,8,8,62.29,62.29,7249.09,7249.09,77.86,77.86,,,,10,537.26,8,62.29,7249.09,77.86,
1046,1,4.44,3,13.32,84.35,3303,1,1,84.35,84.35,3,3,13.32,13.32,3303,3303,4.44,4.44,,,,1,84.35,3,13.32,3303,4.44,
1047,42,39.81,42,39.81,681.43,6474.08,42,42,681.43,681.43,42,42,39.81,39.81,6474.08,6474.08,39.81,39.81,,,,42,681.43,42,39.81,6474.08,39.81,
1048,0,0,0,0,96.47,2744.13,0,0,96.47,96.47,0,0,0,0,2744.13,2744.13,0,0,,,,0,96.47,0,0,2744.13,0,
1049,0,0,1,8.59,85.9,2010.14,0,0,85.9,85.9,1,1,8.59,8.59,2010.14,2010.14,0,0,,,,0,85.9,1,8.59,2010.14,0,
1050,2,10.65,3,15.97,628.09,7404.06,2,2,628.09,628.09,3,3,15.97,15.97,7404.06,7404.06,10.65,10.65,,,,2,628.09,3,15.97,7404.06,10.65,
1051,5,28.19,1,5.64,84.57,2627.42,5,5,84.57,84.57,1,1,5.64,5.64,2627.42,2627.42,28.19,28.19,,,,5,84.57,1,5.64,2627.42,28.19,
1052,8,24.61,8,24.61,495.28,2294.89,8,8,495.28,495.28,8,8,24.61,24.61,2294.89,2294.89,24.61,24.61,,,,8,495.28,8,24.61,2294.89,24.61,
1053,174,150.95,503,436.37,2154.96,8024.71,174,174,2154.96,2154.96,503,503,436.37,436.37,8024.71,8024.71,150.95,150.95,,,,174,2154.96,503,436.37,8024.71,150.95,
1054,53,63.42,68,81.37,1395.22,7234.57,53,53,1395.22,1395.22,68,68,81.37,81.37,7234.57,7234.57,63.42,63.42,,,,53,1395.22,68,81.37,7234.57,63.42,
1055,3,20.41,9,61.22,292.52,4911.56,3,3,292.52,292.52,9,9,61.22,61.22,4911.56,4911.56,20.41,20.41,,,,3,292.52,9,61.22,4911.56,20.41,
1056,3,20.05,0,0,106.96,2246.14,3,3,106.96,106.96,0,0,0,0,2246.14,2246.14,20.05,20.05,,,,3,106.96,0,0,2246.14,20.05,
1057,9,43.58,7,33.89,266.29,5175.75,9,9,266.29,266.29,7,7,33.89,33.89,5175.75,5175.75,43.58,43.58,,,,9,266.29,7,33.89,5175.75,43.58,
1058,50,133.92,18,48.21,2581.96,11466.15,50,50,2581.96,2581.96,18,18,48.21,48.21,11466.15,11466.15,133.92,133.92,,,,50,2581.96,18,48.21,11466.15,133.92,
1059,4,13.82,NA,NA,1088.12,NA,4,4,1088.12,1088.12,0,512,0,30.45,2246.14,3817.93,13.82,13.82,,,,4,1088.12,0,0,2246.14,13.82,
1060,13,26.94,3,6.22,155.42,4012.02,13,13,155.42,155.42,3,3,6.22,6.22,4012.02,4012.02,26.94,26.94,,,,13,155.42,3,6.22,4012.02,26.94,
1061,7,32.73,1,4.68,149.6,2248.71,7,7,149.6,149.6,1,1,4.68,4.68,2248.71,2248.71,32.73,32.73,,,,7,149.6,1,4.68,2248.71,32.73,
1062,13,67.96,10,52.28,695.28,5849.76,13,13,695.28,695.28,10,10,52.28,52.28,5849.76,5849.76,67.96,67.96,,,,13,695.28,10,52.28,5849.76,67.96,
1063,11,43.04,2,7.83,297.37,3631.1,11,11,297.37,297.37,2,2,7.83,7.83,3631.1,3631.1,43.04,43.04,,,,11,297.37,2,7.83,3631.1,43.04,
1064,0,0,3,19.99,306.54,7310.41,0,0,306.54,306.54,3,3,19.99,19.99,7310.41,7310.41,0,0,,,,0,306.54,3,19.99,7310.41,0,
1065,15,57.27,18,68.72,832.32,5681.12,15,15,832.32,832.32,18,18,68.72,68.72,5681.12,5681.12,57.27,57.27,,,,15,832.32,18,68.72,5681.12,57.27,
1066,NA,NA,6,14.96,NA,4524.15,0,17,223.06,38.38,6,6,14.96,14.96,4524.15,4524.15,0,9.39,,,,0,223.06,6,14.96,4524.15,0,
1067,3,17.73,4,23.64,212.73,3025.47,3,3,212.73,212.73,4,4,23.64,23.64,3025.47,3025.47,17.73,17.73,,,,3,212.73,4,23.64,3025.47,17.73,
1068,0,0,13,57.02,78.94,2719.18,0,0,78.94,78.94,13,13,57.02,57.02,2719.18,2719.18,0,0,,,,0,78.94,13,57.02,2719.18,0,
1069,2,11.02,5,27.54,346.99,2952.19,2,2,346.99,346.99,5,5,27.54,27.54,2952.19,2952.19,11.02,11.02,,,,2,346.99,5,27.54,2952.19,11.02,
1070,1,8.4,0,0,84.02,2377.75,1,1,84.02,84.02,0,0,0,0,2377.75,2377.75,8.4,8.4,,,,1,84.02,0,0,2377.75,8.4,
1071,4,28.51,1,7.13,171.06,6072.7,4,4,171.06,171.06,1,1,7.13,7.13,6072.7,6072.7,28.51,28.51,,,,4,171.06,1,7.13,6072.7,28.51,
1072,5,38.6,3,23.16,108.07,4585.46,5,5,108.07,108.07,3,3,23.16,23.16,4585.46,4585.46,38.6,38.6,,,,5,108.07,3,23.16,4585.46,38.6,
1073,65,43.52,56,37.5,556.4,7720.02,65,65,556.4,556.4,56,56,37.5,37.5,7720.02,7720.02,43.52,43.52,,,,65,556.4,56,37.5,7720.02,43.52,
1074,11,66.56,12,72.61,1240.39,14013.43,11,11,1240.39,1240.39,12,12,72.61,72.61,14013.43,14013.43,66.56,66.56,,,,11,1240.39,12,72.61,14013.43,66.56,
1075,3,23.65,1,7.88,212.83,3689.11,3,3,212.83,212.83,1,1,7.88,7.88,3689.11,3689.11,23.65,23.65,,,,3,212.83,1,7.88,3689.11,23.65,
1076,1,7.22,0,0,130.01,2181.29,1,1,130.01,130.01,0,0,0,0,2181.29,2181.29,7.22,7.22,,,,1,130.01,0,0,2181.29,7.22,
1077,13,39.3,0,0,447.45,8474.42,13,13,447.45,447.45,0,0,0,0,8474.42,8474.42,39.3,39.3,,,,13,447.45,0,0,8474.42,39.3,
1078,0,0,3,16.5,54.99,1792.59,0,0,54.99,54.99,3,3,16.5,16.5,1792.59,1792.59,0,0,,,,0,54.99,3,16.5,1792.59,0,
1079,10,77.42,0,0,487.73,4250.21,10,10,487.73,487.73,0,0,0,0,4250.21,4250.21,77.42,77.42,,,,10,487.73,0,0,4250.21,77.42,
1080,2,3.94,1,1.97,76.92,1110.39,2,2,76.92,76.92,1,1,1.97,1.97,1110.39,1110.39,3.94,3.94,,,,2,76.92,1,1.97,1110.39,3.94,
1081,13,46.39,22,78.51,1227.61,7304.97,13,13,1227.61,1227.61,22,22,78.51,78.51,7304.97,7304.97,46.39,46.39,,,,13,1227.61,22,78.51,7304.97,46.39,
1082,11,82.43,3,22.48,771.88,9779.68,11,11,771.88,771.88,3,3,22.48,22.48,9779.68,9779.68,82.43,82.43,,,,11,771.88,3,22.48,9779.68,82.43,
1083,0,0,1,8.74,43.71,1118.88,0,0,43.71,43.71,1,1,8.74,8.74,1118.88,1118.88,0,0,,,,0,43.71,1,8.74,1118.88,0,
1084,4,13,NA,NA,454.84,NA,4,4,454.84,454.84,0,1,0,0,2246.14,4485.25,13,13,,,,4,454.84,0,0,2246.14,13,
1085,7,13.65,14,27.3,74.09,5634.96,7,7,74.09,74.09,14,14,27.3,27.3,5634.96,5634.96,13.65,13.65,,,,7,74.09,14,27.3,5634.96,13.65,
1086,0,0,0,0,163.75,2378.42,0,0,163.75,163.75,0,0,0,0,2378.42,2378.42,0,0,,,,0,163.75,0,0,2378.42,0,
1087,0,0,5,28.5,906.29,9165.53,0,0,906.29,906.29,5,5,28.5,28.5,9165.53,9165.53,0,0,,,,0,906.29,5,28.5,9165.53,0,
1088,NA,NA,10,14.53,NA,3851.07,0,11,223.06,302.61,10,10,14.53,14.53,3851.07,3851.07,0,7.6,,,,0,223.06,10,14.53,3851.07,0,
1089,13,69.03,4,21.24,1093.88,7205.82,13,13,1093.88,1093.88,4,4,21.24,21.24,7205.82,7205.82,69.03,69.03,,,,13,1093.88,4,21.24,7205.82,69.03,
1090,25,52.56,5,10.51,832.58,6830.94,25,25,832.58,832.58,5,5,10.51,10.51,6830.94,6830.94,52.56,52.56,,,,25,832.58,5,10.51,6830.94,52.56,
1091,6,33.88,0,0,112.94,4743.62,6,6,112.94,112.94,0,0,0,0,4743.62,4743.62,33.88,33.88,,,,6,112.94,0,0,4743.62,33.88,
1092,15,81.46,2,10.86,657.11,7429.13,15,15,657.11,657.11,2,2,10.86,10.86,7429.13,7429.13,81.46,81.46,,,,15,657.11,2,10.86,7429.13,81.46,
1093,2,17.5,1,8.75,236.22,4050.74,2,2,236.22,236.22,1,1,8.75,8.75,4050.74,4050.74,17.5,17.5,,,,2,236.22,1,8.75,4050.74,17.5,
1094,3,14.49,1,4.83,270.39,4181.35,3,3,270.39,270.39,1,1,4.83,4.83,4181.35,4181.35,14.49,14.49,,,,3,270.39,1,4.83,4181.35,14.49,
1095,NA,NA,3,11.03,NA,1135.78,0,4,223.06,133.38,3,3,11.03,11.03,1135.78,1135.78,0,16.32,,,,0,223.06,3,11.03,1135.78,0,
1096,135,49.52,257,94.26,999.13,5451.18,135,135,999.13,999.13,257,257,94.26,94.26,5451.18,5451.18,49.52,49.52,,,,135,999.13,257,94.26,5451.18,49.52,
1097,3,10.57,4,14.09,144.44,1648.7,3,3,144.44,144.44,4,4,14.09,14.09,1648.7,1648.7,10.57,10.57,,,,3,144.44,4,14.09,1648.7,10.57,
1098,10,78.2,1,7.82,594.35,4606.24,10,10,594.35,594.35,1,1,7.82,7.82,4606.24,4606.24,78.2,78.2,,,,10,594.35,1,7.82,4606.24,78.2,
1099,48,107.7,57,127.89,2344.68,7747.54,48,48,2344.68,2344.68,57,57,127.89,127.89,7747.54,7747.54,107.7,107.7,,,,48,2344.68,57,127.89,7747.54,107.7,
1100,35,45.43,2,2.6,1283.7,7364.72,35,35,1283.7,1283.7,2,2,2.6,2.6,7364.72,7364.72,45.43,45.43,,,,35,1283.7,2,2.6,7364.72,45.43,
1101,0,0,3,12.11,121.07,3285.04,0,0,121.07,121.07,3,3,12.11,12.11,3285.04,3285.04,0,0,,,,0,121.07,3,12.11,3285.04,0,
1102,61,98.7,113,182.84,673.11,7289.29,61,61,673.11,673.11,113,113,182.84,182.84,7289.29,7289.29,98.7,98.7,,,,61,673.11,113,182.84,7289.29,98.7,
1103,6,45.26,1,7.54,165.96,4888.35,6,6,165.96,165.96,1,1,7.54,7.54,4888.35,4888.35,45.26,45.26,,,,6,165.96,1,7.54,4888.35,45.26,
1104,30,55.45,6,11.09,275.38,5234.07,30,30,275.38,275.38,6,6,11.09,11.09,5234.07,5234.07,55.45,55.45,,,,30,275.38,6,11.09,5234.07,55.45,
1105,1,3.56,21,74.71,259.69,3525.44,1,1,259.69,259.69,21,21,74.71,74.71,3525.44,3525.44,3.56,3.56,,,,1,259.69,21,74.71,3525.44,3.56,
1106,3,20.59,4,27.45,253.89,3973.1,3,3,253.89,253.89,4,4,27.45,27.45,3973.1,3973.1,20.59,20.59,,,,3,253.89,4,27.45,3973.1,20.59,
1107,1,4.72,2,9.43,33.01,2268.33,1,1,33.01,33.01,2,2,9.43,9.43,2268.33,2268.33,4.72,4.72,,,,1,33.01,2,9.43,2268.33,4.72,
1108,NA,NA,2,15.87,NA,4181.54,0,27,223.06,956.68,2,2,15.87,15.87,4181.54,4181.54,0,35.21,,,,0,223.06,2,15.87,4181.54,0,
1109,3,18.99,5,31.65,126.61,4051.66,3,3,126.61,126.61,5,5,31.65,31.65,4051.66,4051.66,18.99,18.99,,,,3,126.61,5,31.65,4051.66,18.99,
1110,109,74.67,90,61.65,1169.38,9154.31,109,109,1169.38,1169.38,90,90,61.65,61.65,9154.31,9154.31,74.67,74.67,,,,109,1169.38,90,61.65,9154.31,74.67,
1111,0,0,1,6.16,43.13,1336.95,0,0,43.13,43.13,1,1,6.16,6.16,1336.95,1336.95,0,0,,,,0,43.13,1,6.16,1336.95,0,
1112,2,18.94,1,9.47,170.42,4004.92,2,2,170.42,170.42,1,1,9.47,9.47,4004.92,4004.92,18.94,18.94,,,,2,170.42,1,9.47,4004.92,18.94,
1113,3,22.85,4,30.47,358.01,5408.29,3,3,358.01,358.01,4,4,30.47,30.47,5408.29,5408.29,22.85,22.85,,,,3,358.01,4,30.47,5408.29,22.85,
1114,10,37.17,19,70.63,479.52,3802.69,10,10,479.52,479.52,19,19,70.63,70.63,3802.69,3802.69,37.17,37.17,,,,10,479.52,19,70.63,3802.69,37.17,
1115,16,30.62,24,45.93,673.62,5105.73,16,16,673.62,673.62,24,24,45.93,45.93,5105.73,5105.73,30.62,30.62,,,,16,673.62,24,45.93,5105.73,30.62,
1116,15,68.72,27,123.7,1392.77,13735.28,15,15,1392.77,1392.77,27,27,123.7,123.7,13735.28,13735.28,68.72,68.72,,,,15,1392.77,27,123.7,13735.28,68.72,
1117,14,55.19,10,39.42,204.97,3358.43,14,14,204.97,204.97,10,10,39.42,39.42,3358.43,3358.43,55.19,55.19,,,,14,204.97,10,39.42,3358.43,55.19,
1118,2,9.69,0,0,67.86,4071.35,2,2,67.86,67.86,0,0,0,0,4071.35,4071.35,9.69,9.69,,,,2,67.86,0,0,4071.35,9.69,
1119,4,11.07,5,13.83,182.6,2321.27,4,4,182.6,182.6,5,5,13.83,13.83,2321.27,2321.27,11.07,11.07,,,,4,182.6,5,13.83,2321.27,11.07,
1120,2,11.49,2,11.49,155.08,4888,2,2,155.08,155.08,2,2,11.49,11.49,4888,4888,11.49,11.49,,,,2,155.08,2,11.49,4888,11.49,
1121,9,36.66,0,0,93.7,1776.18,9,9,93.7,93.7,0,0,0,0,1776.18,1776.18,36.66,36.66,,,,9,93.7,0,0,1776.18,36.66,
1122,22,20.52,31,28.92,500.94,5005.64,22,22,500.94,500.94,31,31,28.92,28.92,5005.64,5005.64,20.52,20.52,,,,22,500.94,31,28.92,5005.64,20.52,
1123,4,29.98,2,14.99,134.91,2286.01,4,4,134.91,134.91,2,2,14.99,14.99,2286.01,2286.01,29.98,29.98,,,,4,134.91,2,14.99,2286.01,29.98,
1124,32,65.45,5,10.23,380.43,5688.05,32,32,380.43,380.43,5,5,10.23,10.23,5688.05,5688.05,65.45,65.45,,,,32,380.43,5,10.23,5688.05,65.45,
1125,NA,NA,4,30.51,NA,3843.81,0,13,223.06,1636.75,4,4,30.51,30.51,3843.81,3843.81,0,116.06,,,,0,223.06,4,30.51,3843.81,0,
1126,1,8.59,2,17.18,68.71,3366.83,1,1,68.71,68.71,2,2,17.18,17.18,3366.83,3366.83,8.59,8.59,,,,1,68.71,2,17.18,3366.83,8.59,
1127,6,42.31,4,28.2,366.66,5020.45,6,6,366.66,366.66,4,4,28.2,28.2,5020.45,5020.45,42.31,42.31,,,,6,366.66,4,28.2,5020.45,42.31,
1128,10,12.7,13,16.52,412.91,4981.58,10,10,412.91,412.91,13,13,16.52,16.52,4981.58,4981.58,12.7,12.7,,,,10,412.91,13,16.52,4981.58,12.7,
1129,449,124.81,581,161.5,1562.48,7194.74,449,449,1562.48,1562.48,581,581,161.5,161.5,7194.74,7194.74,124.81,124.81,,,,449,1562.48,581,161.5,7194.74,124.81,
1130,1,4.43,0,0,159.32,1106.39,1,1,159.32,159.32,0,0,0,0,1106.39,1106.39,4.43,4.43,,,,1,159.32,0,0,1106.39,4.43,
1131,14,54.56,4,15.59,911.96,4450.68,14,14,911.96,911.96,4,4,15.59,15.59,4450.68,4450.68,54.56,54.56,,,,14,911.96,4,15.59,4450.68,54.56,
1132,NA,NA,9,41.76,NA,4356.7,0,0,223.06,1165.91,9,9,41.76,41.76,4356.7,4356.7,0,51.15,,,,0,223.06,9,41.76,4356.7,0,
1133,25,92.24,1,3.69,1660.33,7681.81,25,25,1660.33,1660.33,1,1,3.69,3.69,7681.81,7681.81,92.24,92.24,,,,25,1660.33,1,3.69,7681.81,92.24,
1134,0,0,3,24.25,137.42,2214.86,0,0,137.42,137.42,3,3,24.25,24.25,2214.86,2214.86,0,0,,,,0,137.42,3,24.25,2214.86,0,
1135,435,60.63,459,63.98,1014.86,5790.44,435,435,1014.86,1014.86,459,459,63.98,63.98,5790.44,5790.44,60.63,60.63,,,,435,1014.86,459,63.98,5790.44,60.63,
1136,1,9.16,1,9.16,375.6,1722.24,1,1,375.6,375.6,1,1,9.16,9.16,1722.24,1722.24,9.16,9.16,,,,1,375.6,1,9.16,1722.24,9.16,
1137,4,28.86,11,79.35,764.68,2395.04,4,4,764.68,764.68,11,11,79.35,79.35,2395.04,2395.04,28.86,28.86,,,,4,764.68,11,79.35,2395.04,28.86,
1138,2,15.42,0,0,146.46,2489.79,2,2,146.46,146.46,0,0,0,0,2489.79,2489.79,15.42,15.42,,,,2,146.46,0,0,2489.79,15.42,
1139,0,0,0,0,141.03,1039.19,0,0,141.03,141.03,0,0,0,0,1039.19,1039.19,0,0,,,,0,141.03,0,0,1039.19,0,
1140,102,91.52,45,40.38,820.1,9176.31,102,102,820.1,820.1,45,45,40.38,40.38,9176.31,9176.31,91.52,91.52,,,,102,820.1,45,40.38,9176.31,91.52,
1141,0,0,0,0,55.83,1507.54,0,0,55.83,55.83,0,0,0,0,1507.54,1507.54,0,0,,,,0,55.83,0,0,1507.54,0,
1142,NA,NA,16,57.52,NA,8480.43,0,0,223.06,44.92,16,16,57.52,57.52,8480.43,8480.43,0,14.98,,,,0,223.06,16,57.52,8480.43,0,
1143,18,102.54,42,239.26,2193.23,13301.81,18,18,2193.23,2193.23,42,42,239.26,239.26,13301.81,13301.81,102.54,102.54,,,,18,2193.23,42,239.26,13301.81,102.54,
1144,1,6.29,4,25.15,339.49,2382.75,1,1,339.49,339.49,4,4,25.15,25.15,2382.75,2382.75,6.29,6.29,,,,1,339.49,4,25.15,2382.75,6.29,
1145,19,54.43,5,14.32,1231.81,5445.74,19,19,1231.81,1231.81,5,5,14.32,14.32,5445.74,5445.74,54.43,54.43,,,,19,1231.81,5,14.32,5445.74,54.43,
1146,2,14.95,1,7.48,44.86,2011.21,2,2,44.86,44.86,1,1,7.48,7.48,2011.21,2011.21,14.95,14.95,,,,2,44.86,1,7.48,2011.21,14.95,
1147,62,120.79,20,38.96,845.51,10025.33,62,62,845.51,845.51,20,20,38.96,38.96,10025.33,10025.33,120.79,120.79,,,,62,845.51,20,38.96,10025.33,120.79,
1148,19,89.15,8,37.54,243.98,3373.53,19,19,243.98,243.98,8,8,37.54,37.54,3373.53,3373.53,89.15,89.15,,,,19,243.98,8,37.54,3373.53,89.15,
1149,3,18.19,0,0,794.37,5615.18,3,3,794.37,794.37,0,0,0,0,5615.18,5615.18,18.19,18.19,,,,3,794.37,0,0,5615.18,18.19,
1150,10,44.65,32,142.89,415.27,7153.38,10,10,415.27,415.27,32,32,142.89,142.89,7153.38,7153.38,44.65,44.65,,,,10,415.27,32,142.89,7153.38,44.65,
1151,9,45.08,8,40.07,140.25,6767.18,9,9,140.25,140.25,8,8,40.07,40.07,6767.18,6767.18,45.08,45.08,,,,9,140.25,8,40.07,6767.18,45.08,
1152,2,14.64,4,29.29,541.85,5791.9,2,2,541.85,541.85,4,4,29.29,29.29,5791.9,5791.9,14.64,14.64,,,,2,541.85,4,29.29,5791.9,14.64,
1153,2,17.55,12,105.27,131.59,2851.13,2,2,131.59,131.59,12,12,105.27,105.27,2851.13,2851.13,17.55,17.55,,,,2,131.59,12,105.27,2851.13,17.55,
1154,1,2.98,2,5.96,369.33,2689.58,1,1,369.33,369.33,2,2,5.96,5.96,2689.58,2689.58,2.98,2.98,,,,1,369.33,2,5.96,2689.58,2.98,
1155,38,59.6,49,76.85,1202.99,9584.68,38,38,1202.99,1202.99,49,49,76.85,76.85,9584.68,9584.68,59.6,59.6,,,,38,1202.99,49,76.85,9584.68,59.6,
1156,136,68.64,128,64.6,643.52,5655.94,136,136,643.52,643.52,128,128,64.6,64.6,5655.94,5655.94,68.64,68.64,,,,136,643.52,128,64.6,5655.94,68.64,
1157,46,83.7,35,63.69,902.54,7276.73,46,46,902.54,902.54,35,35,63.69,63.69,7276.73,7276.73,83.7,83.7,,,,46,902.54,35,63.69,7276.73,83.7,
1158,54,61.44,NA,NA,1315.31,NA,54,54,1315.31,1315.31,0,2,0,29.26,2246.14,5693.22,61.44,61.44,,,,54,1315.31,0,0,2246.14,61.44,
1159,16,20.34,19,24.16,205.97,3743.02,16,16,205.97,205.97,19,19,24.16,24.16,3743.02,3743.02,20.34,20.34,,,,16,205.97,19,24.16,3743.02,20.34,
1160,10,28.85,5,14.43,513.6,3990.54,10,10,513.6,513.6,5,5,14.43,14.43,3990.54,3990.54,28.85,28.85,,,,10,513.6,5,14.43,3990.54,28.85,
1161,22,44.86,16,32.63,383.35,3574.56,22,22,383.35,383.35,16,16,32.63,32.63,3574.56,3574.56,44.86,44.86,,,,22,383.35,16,32.63,3574.56,44.86,
1162,10,32.17,5,16.09,74,2429.14,10,10,74,74,5,5,16.09,16.09,2429.14,2429.14,32.17,32.17,,,,10,74,5,16.09,2429.14,32.17,
1163,209,116.34,73,40.63,2304.49,9956.08,209,209,2304.49,2304.49,73,73,40.63,40.63,9956.08,9956.08,116.34,116.34,,,,209,2304.49,73,40.63,9956.08,116.34,
1164,10,18.16,24,43.59,908.08,6418.34,10,10,908.08,908.08,24,24,43.59,43.59,6418.34,6418.34,18.16,18.16,,,,10,908.08,24,43.59,6418.34,18.16,
1165,0,0,1,3.23,32.29,1443.33,0,0,32.29,32.29,1,1,3.23,3.23,1443.33,1443.33,0,0,,,,0,32.29,1,3.23,1443.33,0,
1166,6,43.85,7,51.16,716.27,5562.05,6,6,716.27,716.27,7,7,51.16,51.16,5562.05,5562.05,43.85,43.85,,,,6,716.27,7,51.16,5562.05,43.85,
1167,3,14.32,0,0,124.14,1675.9,3,3,124.14,124.14,0,0,0,0,1675.9,1675.9,14.32,14.32,,,,3,124.14,0,0,1675.9,14.32,
1168,9,66.74,0,0,400.42,5613.23,9,9,400.42,400.42,0,0,0,0,5613.23,5613.23,66.74,66.74,,,,9,400.42,0,0,5613.23,66.74,
1169,0,0,1,9.44,18.87,1283.26,0,0,18.87,18.87,1,1,9.44,9.44,1283.26,1283.26,0,0,,,,0,18.87,1,9.44,1283.26,0,
1170,NA,NA,3,6.4,NA,2647.41,0,21,223.06,1285.83,3,3,6.4,6.4,2647.41,2647.41,0,0,,,,0,223.06,3,6.4,2647.41,0,
1171,22,32,15,21.82,622.5,4126.25,22,22,622.5,622.5,15,15,21.82,21.82,4126.25,4126.25,32,32,,,,22,622.5,15,21.82,4126.25,32,
1172,NA,NA,3,5.12,NA,4708.85,0,0,223.06,1282.68,3,3,5.12,5.12,4708.85,4708.85,0,6.54,,,,0,223.06,3,5.12,4708.85,0,
1173,40,62.35,NA,NA,1033.4,NA,40,40,1033.4,1033.4,0,1,0,7.51,2246.14,7311.82,62.35,62.35,,,,40,1033.4,0,0,2246.14,62.35,
1174,NA,NA,14,19.54,NA,4765.56,0,3,223.06,238.59,14,14,19.54,19.54,4765.56,4765.56,0,33.09,,,,0,223.06,14,19.54,4765.56,0,
1175,0,0,11,94.51,137.47,3909.27,0,0,137.47,137.47,11,11,94.51,94.51,3909.27,3909.27,0,0,,,,0,137.47,11,94.51,3909.27,0,
1176,26,53.95,7,14.53,734.56,6596.53,26,26,734.56,734.56,7,7,14.53,14.53,6596.53,6596.53,53.95,53.95,,,,26,734.56,7,14.53,6596.53,53.95,
1177,3,18.88,3,18.88,44.06,1982.88,3,3,44.06,44.06,3,3,18.88,18.88,1982.88,1982.88,18.88,18.88,,,,3,44.06,3,18.88,1982.88,18.88,
1178,353,93.62,401,106.36,2601.6,9420.56,353,353,2601.6,2601.6,401,401,106.36,106.36,9420.56,9420.56,93.62,93.62,,,,353,2601.6,401,106.36,9420.56,93.62,
1179,0,0,1,3.19,79.76,1885.47,0,0,79.76,79.76,1,1,3.19,3.19,1885.47,1885.47,0,0,,,,0,79.76,1,3.19,1885.47,0,
1180,7,17.57,4,10.04,401.67,3549.73,7,7,401.67,401.67,4,4,10.04,10.04,3549.73,3549.73,17.57,17.57,,,,7,401.67,4,10.04,3549.73,17.57,
1181,18,56.2,11,34.34,224.8,4842.49,18,18,224.8,224.8,11,11,34.34,34.34,4842.49,4842.49,56.2,56.2,,,,18,224.8,11,34.34,4842.49,56.2,
1182,NA,NA,4,10.91,NA,2695.18,0,0,223.06,950.76,4,4,10.91,10.91,2695.18,2695.18,0,73.39,,,,0,223.06,4,10.91,2695.18,0,
1183,0,0,6,23.93,386.92,6382.13,0,0,386.92,386.92,6,6,23.93,23.93,6382.13,6382.13,0,0,,,,0,386.92,6,23.93,6382.13,0,
1184,1,6.19,0,0,37.13,2054.58,1,1,37.13,37.13,0,0,0,0,2054.58,2054.58,6.19,6.19,,,,1,37.13,0,0,2054.58,6.19,
1185,1,6.94,1,6.94,69.41,2151.58,1,1,69.41,69.41,1,1,6.94,6.94,2151.58,2151.58,6.94,6.94,,,,1,69.41,1,6.94,2151.58,6.94,
1186,NA,NA,7,14,NA,2684.16,0,3,223.06,461.98,7,7,14,14,2684.16,2684.16,0,12.6,,,,0,223.06,7,14,2684.16,0,
1187,90,137.13,29,44.19,2082.86,9425.42,90,90,2082.86,2082.86,29,29,44.19,44.19,9425.42,9425.42,137.13,137.13,,,,90,2082.86,29,44.19,9425.42,137.13,
1188,2,11.62,0,0,203.29,1469.48,2,2,203.29,203.29,0,0,0,0,1469.48,1469.48,11.62,11.62,,,,2,203.29,0,0,1469.48,11.62,
1189,9,24.32,0,0,178.31,3787.76,9,9,178.31,178.31,0,0,0,0,3787.76,3787.76,24.32,24.32,,,,9,178.31,0,0,3787.76,24.32,
1190,9,61.59,4,27.37,1266.08,2607.45,9,9,1266.08,1266.08,4,4,27.37,27.37,2607.45,2607.45,61.59,61.59,,,,9,1266.08,4,27.37,2607.45,61.59,
1191,24,37.51,13,20.32,426.71,5608.18,24,24,426.71,426.71,13,13,20.32,20.32,5608.18,5608.18,37.51,37.51,,,,24,426.71,13,20.32,5608.18,37.51,
1192,4,15.77,3,11.82,106.42,3121.55,4,4,106.42,106.42,3,3,11.82,11.82,3121.55,3121.55,15.77,15.77,,,,4,106.42,3,11.82,3121.55,15.77,
1193,36,84.81,40,94.24,690.29,8622.72,36,36,690.29,690.29,40,40,94.24,94.24,8622.72,8622.72,84.81,84.81,,,,36,690.29,40,94.24,8622.72,84.81,
1194,33,31.79,85,81.87,639.59,5478.87,33,33,639.59,639.59,85,85,81.87,81.87,5478.87,5478.87,31.79,31.79,,,,33,639.59,85,81.87,5478.87,31.79,
1195,4,6.9,12,20.7,144.9,3508.59,4,4,144.9,144.9,12,12,20.7,20.7,3508.59,3508.59,6.9,6.9,,,,4,144.9,12,20.7,3508.59,6.9,
1196,NA,NA,2,19.42,NA,2495.15,0,295,223.06,297.37,2,2,19.42,19.42,2495.15,2495.15,0,58.73,,,,0,223.06,2,19.42,2495.15,0,
1197,1,6.55,0,0,13.1,2363.96,1,1,13.1,13.1,0,0,0,0,2363.96,2363.96,6.55,6.55,,,,1,13.1,0,0,2363.96,6.55,
1198,81,124.24,49,75.16,1432.56,6883.65,81,81,1432.56,1432.56,49,49,75.16,75.16,6883.65,6883.65,124.24,124.24,,,,81,1432.56,49,75.16,6883.65,124.24,
1199,0,0,1,9.18,358,2717.09,0,0,358,358,1,1,9.18,9.18,2717.09,2717.09,0,0,,,,0,358,1,9.18,2717.09,0,
1200,10,42.5,1,4.25,395.27,2375.89,10,10,395.27,395.27,1,1,4.25,4.25,2375.89,2375.89,42.5,42.5,,,,10,395.27,1,4.25,2375.89,42.5,
1201,4,34.89,1,8.72,985.78,7781.56,4,4,985.78,985.78,1,1,8.72,8.72,7781.56,7781.56,34.89,34.89,,,,4,985.78,1,8.72,7781.56,34.89,
1202,8,26.75,9,30.1,598.56,4270.19,8,8,598.56,598.56,9,9,30.1,30.1,4270.19,4270.19,26.75,26.75,,,,8,598.56,9,30.1,4270.19,26.75,
1203,14,26.67,3,5.72,493.46,8139.16,14,14,493.46,493.46,3,3,5.72,5.72,8139.16,8139.16,26.67,26.67,,,,14,493.46,3,5.72,8139.16,26.67,
1204,17,146.88,4,34.56,1045.45,10860.55,17,17,1045.45,1045.45,4,4,34.56,34.56,10860.55,10860.55,146.88,146.88,,,,17,1045.45,4,34.56,10860.55,146.88,
1205,16,91.56,6,34.34,412.04,5133.34,16,16,412.04,412.04,6,6,34.34,34.34,5133.34,5133.34,91.56,91.56,,,,16,412.04,6,34.34,5133.34,91.56,
1206,3,22.49,2,15,307.42,4978.63,3,3,307.42,307.42,2,2,15,15,4978.63,4978.63,22.49,22.49,,,,3,307.42,2,15,4978.63,22.49,
1207,0,0,1,6.92,96.85,3147.7,0,0,96.85,96.85,1,1,6.92,6.92,3147.7,3147.7,0,0,,,,0,96.85,1,6.92,3147.7,0,
1208,5,17.02,19,64.68,268.94,3295.32,5,5,268.94,268.94,19,19,64.68,64.68,3295.32,3295.32,17.02,17.02,,,,5,268.94,19,64.68,3295.32,17.02,
1209,0,0,0,0,147.83,3030.55,0,0,147.83,147.83,0,0,0,0,3030.55,3030.55,0,0,,,,0,147.83,0,0,3030.55,0,
1210,9,41.09,13,59.36,803.58,7108.94,9,9,803.58,803.58,13,13,59.36,59.36,7108.94,7108.94,41.09,41.09,,,,9,803.58,13,59.36,7108.94,41.09,
1211,39,20.31,113,58.85,974.37,7215.88,39,39,974.37,974.37,113,113,58.85,58.85,7215.88,7215.88,20.31,20.31,,,,39,974.37,113,58.85,7215.88,20.31,
1212,4,36.6,2,18.3,603.84,7721.87,4,4,603.84,603.84,2,2,18.3,18.3,7721.87,7721.87,36.6,36.6,,,,4,603.84,2,18.3,7721.87,36.6,
1213,59,56.39,45,43.01,1183.14,6316.12,59,59,1183.14,1183.14,45,45,43.01,43.01,6316.12,6316.12,56.39,56.39,,,,59,1183.14,45,43.01,6316.12,56.39,
1214,257,98.76,184,70.71,3928.03,10942.54,257,257,3928.03,3928.03,184,184,70.71,70.71,10942.54,10942.54,98.76,98.76,,,,257,3928.03,184,70.71,10942.54,98.76,
1215,88,120.18,97,132.47,2941.62,7166.95,88,88,2941.62,2941.62,97,97,132.47,132.47,7166.95,7166.95,120.18,120.18,,,,88,2941.62,97,132.47,7166.95,120.18,
1216,42,60.61,42,60.61,577.28,7709.63,42,42,577.28,577.28,42,42,60.61,60.61,7709.63,7709.63,60.61,60.61,,,,42,577.28,42,60.61,7709.63,60.61,
1217,26,62.88,8,19.35,1332.66,6682.63,26,26,1332.66,1332.66,8,8,19.35,19.35,6682.63,6682.63,62.88,62.88,,,,26,1332.66,8,19.35,6682.63,62.88,
1218,46,66.93,18,26.19,566.03,6086.67,46,46,566.03,566.03,18,18,26.19,26.19,6086.67,6086.67,66.93,66.93,,,,46,566.03,18,26.19,6086.67,66.93,
1219,64,53.23,57,47.41,390.93,6890.36,64,64,390.93,390.93,57,57,47.41,47.41,6890.36,6890.36,53.23,53.23,,,,64,390.93,57,47.41,6890.36,53.23,
1220,114,76.1,384,256.33,916.52,9460.97,114,114,916.52,916.52,384,384,256.33,256.33,9460.97,9460.97,76.1,76.1,,,,114,916.52,384,256.33,9460.97,76.1,
1221,71,112.73,25,39.69,1020.91,11250.65,71,71,1020.91,1020.91,25,25,39.69,39.69,11250.65,11250.65,112.73,112.73,,,,71,1020.91,25,39.69,11250.65,112.73,
1222,0,0,3,22.94,183.56,2699.81,0,0,183.56,183.56,3,3,22.94,22.94,2699.81,2699.81,0,0,,,,0,183.56,3,22.94,2699.81,0,
1223,1,8.82,0,0,8.82,3167.46,1,1,8.82,8.82,0,0,0,0,3167.46,3167.46,8.82,8.82,,,,1,8.82,0,0,3167.46,8.82,
1224,10,34.72,10,34.72,395.81,3517.12,10,10,395.81,395.81,10,10,34.72,34.72,3517.12,3517.12,34.72,34.72,,,,10,395.81,10,34.72,3517.12,34.72,
1225,7,15,16,34.3,319.39,4392.09,7,7,319.39,319.39,16,16,34.3,34.3,4392.09,4392.09,15,15,,,,7,319.39,16,34.3,4392.09,15,
1226,5,22.91,12,54.99,132.89,3986.8,5,5,132.89,132.89,12,12,54.99,54.99,3986.8,3986.8,22.91,22.91,,,,5,132.89,12,54.99,3986.8,22.91,
1227,NA,NA,2,9.76,NA,3377.26,0,81,223.06,147.49,2,2,9.76,9.76,3377.26,3377.26,0,43.52,,,,0,223.06,2,9.76,3377.26,0,
1228,15,31.62,14,29.51,672.46,5046.59,15,15,672.46,672.46,14,14,29.51,29.51,5046.59,5046.59,31.62,31.62,,,,15,672.46,14,29.51,5046.59,31.62,
1229,4,27.99,4,27.99,538.88,4674.92,4,4,538.88,538.88,4,4,27.99,27.99,4674.92,4674.92,27.99,27.99,,,,4,538.88,4,27.99,4674.92,27.99,
1230,1,7.6,0,0,212.78,2173.42,1,1,212.78,212.78,0,0,0,0,2173.42,2173.42,7.6,7.6,,,,1,212.78,0,0,2173.42,7.6,
1231,28,67.39,44,105.89,536.69,9352.36,28,28,536.69,536.69,44,44,105.89,105.89,9352.36,9352.36,67.39,67.39,,,,28,536.69,44,105.89,9352.36,67.39,
1232,5,26.4,5,26.4,337.96,4198.13,5,5,337.96,337.96,5,5,26.4,26.4,4198.13,4198.13,26.4,26.4,,,,5,337.96,5,26.4,4198.13,26.4,
1233,11,28.65,8,20.84,885.56,2878.05,11,11,885.56,885.56,8,8,20.84,20.84,2878.05,2878.05,28.65,28.65,,,,11,885.56,8,20.84,2878.05,28.65,
1234,10,26.38,11,29.02,137.16,2640.39,10,10,137.16,137.16,11,11,29.02,29.02,2640.39,2640.39,26.38,26.38,,,,10,137.16,11,29.02,2640.39,26.38,
1235,NA,NA,3,28.57,NA,5913.72,0,24,223.06,108.87,3,3,28.57,28.57,5913.72,5913.72,0,2.71,,,,0,223.06,3,28.57,5913.72,0,
1236,3,6.48,3,6.48,188.02,1346.39,3,3,188.02,188.02,3,3,6.48,6.48,1346.39,1346.39,6.48,6.48,,,,3,188.02,3,6.48,1346.39,6.48,
1237,11,19.23,15,26.22,241.21,5743.65,11,11,241.21,241.21,15,15,26.22,26.22,5743.65,5743.65,19.23,19.23,,,,11,241.21,15,26.22,5743.65,19.23,
1238,0,0,1,6.45,51.57,1366.51,0,0,51.57,51.57,1,1,6.45,6.45,1366.51,1366.51,0,0,,,,0,51.57,1,6.45,1366.51,0,
1239,2,3.99,18,35.9,199.45,4374.02,2,2,199.45,199.45,18,18,35.9,35.9,4374.02,4374.02,3.99,3.99,,,,2,199.45,18,35.9,4374.02,3.99,
1240,0,0,1,3.29,207.47,2133.97,0,0,207.47,207.47,1,1,3.29,3.29,2133.97,2133.97,0,0,,,,0,207.47,1,3.29,2133.97,0,
1241,NA,NA,26,33.74,NA,2489.91,0,29,223.06,236.22,26,26,33.74,33.74,2489.91,2489.91,0,31.16,,,,0,223.06,26,33.74,2489.91,0,
1242,3,18.83,7,43.95,420.62,4564,3,3,420.62,420.62,7,7,43.95,43.95,4564,4564,18.83,18.83,,,,3,420.62,7,43.95,4564,18.83,
1243,NA,NA,4,18.75,NA,3173.04,0,4,223.06,939.47,4,4,18.75,18.75,3173.04,3173.04,0,58.86,,,,0,223.06,4,18.75,3173.04,0,
1244,3,23.67,1,7.89,55.23,2351.27,3,3,55.23,55.23,1,1,7.89,7.89,2351.27,2351.27,23.67,23.67,,,,3,55.23,1,7.89,2351.27,23.67,
1245,10,45.04,11,49.54,1531.26,4107.37,10,10,1531.26,1531.26,11,11,49.54,49.54,4107.37,4107.37,45.04,45.04,,,,10,1531.26,11,49.54,4107.37,45.04,
1246,1,6.91,1,6.91,62.17,4759.27,1,1,62.17,62.17,1,1,6.91,6.91,4759.27,4759.27,6.91,6.91,,,,1,62.17,1,6.91,4759.27,6.91,
1247,7,30.23,6,25.91,1593.54,2725,7,7,1593.54,1593.54,6,6,25.91,25.91,2725,2725,30.23,30.23,,,,7,1593.54,6,25.91,2725,30.23,
1248,NA,NA,2,14.41,NA,2724.32,0,13,223.06,617.09,2,2,14.41,14.41,2724.32,2724.32,0,47.52,,,,0,223.06,2,14.41,2724.32,0,
1249,1,5.9,0,0,601.38,4020.99,1,1,601.38,601.38,0,0,0,0,4020.99,4020.99,5.9,5.9,,,,1,601.38,0,0,4020.99,5.9,
1250,11,31.31,18,51.23,216.31,5063.33,11,11,216.31,216.31,18,18,51.23,51.23,5063.33,5063.33,31.31,31.31,,,,11,216.31,18,51.23,5063.33,31.31,
1251,1,6.17,0,0,61.69,888.29,1,1,61.69,61.69,0,0,0,0,888.29,888.29,6.17,6.17,,,,1,61.69,0,0,888.29,6.17,
1252,9,19.32,11,23.62,650.56,3139.02,9,9,650.56,650.56,11,11,23.62,23.62,3139.02,3139.02,19.32,19.32,,,,9,650.56,11,23.62,3139.02,19.32,
1253,8,40.01,3,15,525.08,6706.01,8,8,525.08,525.08,3,3,15,15,6706.01,6706.01,40.01,40.01,,,,8,525.08,3,15,6706.01,40.01,
1254,1,9.59,1,9.59,182.15,4908.45,1,1,182.15,182.15,1,1,9.59,9.59,4908.45,4908.45,9.59,9.59,,,,1,182.15,1,9.59,4908.45,9.59,
1255,0,0,0,0,84.96,2473.33,0,0,84.96,84.96,0,0,0,0,2473.33,2473.33,0,0,,,,0,84.96,0,0,2473.33,0,
1256,4,12.83,16,51.31,125.06,2379.35,4,4,125.06,125.06,16,16,51.31,51.31,2379.35,2379.35,12.83,12.83,,,,4,125.06,16,51.31,2379.35,12.83,
1257,NA,NA,38,98.79,NA,8227.83,0,0,223.06,962.82,38,38,98.79,98.79,8227.83,8227.83,0,31.79,,,,0,223.06,38,98.79,8227.83,0,
1258,NA,NA,17,21.39,NA,4279.66,0,17,223.06,542.71,17,17,21.39,21.39,4279.66,4279.66,0,26.75,,,,0,223.06,17,21.39,4279.66,0,
1259,1,2.57,9,23.13,25.7,1765.89,1,1,25.7,25.7,9,9,23.13,23.13,1765.89,1765.89,2.57,2.57,,,,1,25.7,9,23.13,1765.89,2.57,
1260,11,61.35,8,44.62,730.58,9118.29,11,11,730.58,730.58,8,8,44.62,44.62,9118.29,9118.29,61.35,61.35,,,,11,730.58,8,44.62,9118.29,61.35,
1261,5,22.9,5,22.9,114.49,3201.14,5,5,114.49,114.49,5,5,22.9,22.9,3201.14,3201.14,22.9,22.9,,,,5,114.49,5,22.9,3201.14,22.9,
1262,0,0,1,8.76,61.33,3451.9,0,0,61.33,61.33,1,1,8.76,8.76,3451.9,3451.9,0,0,,,,0,61.33,1,8.76,3451.9,0,
1263,0,0,0,0,33.38,1962.62,0,0,33.38,33.38,0,0,0,0,1962.62,1962.62,0,0,,,,0,33.38,0,0,1962.62,0,
1264,6,31.47,3,15.73,178.33,3498.37,6,6,178.33,178.33,3,3,15.73,15.73,3498.37,3498.37,31.47,31.47,,,,6,178.33,3,15.73,3498.37,31.47,
1265,10,14.43,8,11.54,249.58,3348.43,10,10,249.58,249.58,8,8,11.54,11.54,3348.43,3348.43,14.43,14.43,,,,10,249.58,8,11.54,3348.43,14.43,
1266,1,2.71,4,10.84,43.35,1514.7,1,1,43.35,43.35,4,4,10.84,10.84,1514.7,1514.7,2.71,2.71,,,,1,43.35,4,10.84,1514.7,2.71,
1267,9,17.9,4,7.95,294.3,4128.14,9,9,294.3,294.3,4,4,7.95,7.95,4128.14,4128.14,17.9,17.9,,,,9,294.3,4,7.95,4128.14,17.9,
1268,49,25.75,46,24.17,611.05,5857.78,49,49,611.05,611.05,46,46,24.17,24.17,5857.78,5857.78,25.75,25.75,,,,49,611.05,46,24.17,5857.78,25.75,
1269,NA,NA,4,17.88,NA,3249.6,0,3,223.06,295.76,4,4,17.88,17.88,3249.6,3249.6,0,16.17,,,,0,223.06,4,17.88,3249.6,0,
1270,10,30.86,12,37.03,438.23,6156.84,10,10,438.23,438.23,12,12,37.03,37.03,6156.84,6156.84,30.86,30.86,,,,10,438.23,12,37.03,6156.84,30.86,
1271,NA,NA,9,17.56,NA,3092.32,0,2,223.06,1756.32,9,9,17.56,17.56,3092.32,3092.32,0,42.68,,,,0,223.06,9,17.56,3092.32,0,
1272,2,4.02,20,40.24,150.88,2939.22,2,2,150.88,150.88,20,20,40.24,40.24,2939.22,2939.22,4.02,4.02,,,,2,150.88,20,40.24,2939.22,4.02,
1273,1,6.31,NA,NA,669.02,NA,1,1,669.02,669.02,0,5,0,106.99,2246.14,5547.47,6.31,6.31,,,,1,669.02,0,0,2246.14,6.31,
1274,10,73.87,NA,NA,1987.15,NA,10,10,1987.15,1987.15,0,7,0,49.46,2246.14,3523.75,73.87,73.87,,,,10,1987.15,0,0,2246.14,73.87,
1275,19,105.54,0,0,966.56,6504.83,19,19,966.56,966.56,0,0,0,0,6504.83,6504.83,105.54,105.54,,,,19,966.56,0,0,6504.83,105.54,
1276,0,0,0,0,134.26,3269.63,0,0,134.26,134.26,0,0,0,0,3269.63,3269.63,0,0,,,,0,134.26,0,0,3269.63,0,
1277,NA,NA,12,27.5,NA,2955.73,0,15,223.06,343.74,12,12,27.5,27.5,2955.73,2955.73,0,44.51,,,,0,223.06,12,27.5,2955.73,0,
1278,9,11.72,16,20.84,166.71,3413.65,9,9,166.71,166.71,16,16,20.84,20.84,3413.65,3413.65,11.72,11.72,,,,9,166.71,16,20.84,3413.65,11.72,
1279,18,75.75,10,42.08,938.43,7259.18,18,18,938.43,938.43,10,10,42.08,42.08,7259.18,7259.18,75.75,75.75,,,,18,938.43,10,42.08,7259.18,75.75,
1280,8,18.87,7,16.51,974.36,13650.41,8,8,974.36,974.36,7,7,16.51,16.51,13650.41,13650.41,18.87,18.87,,,,8,974.36,7,16.51,13650.41,18.87,
1281,12,30.94,21,54.14,618.78,4473.26,12,12,618.78,618.78,21,21,54.14,54.14,4473.26,4473.26,30.94,30.94,,,,12,618.78,21,54.14,4473.26,30.94,
1282,1,3.29,10,32.95,204.28,2263.52,1,1,204.28,204.28,10,10,32.95,32.95,2263.52,2263.52,3.29,3.29,,,,1,204.28,10,32.95,2263.52,3.29,
1283,90,106.61,136,161.11,643.24,5166.08,90,90,643.24,643.24,136,136,161.11,161.11,5166.08,5166.08,106.61,106.61,,,,90,643.24,136,161.11,5166.08,106.61,
1284,24,90.21,7,26.31,360.85,4784.99,24,24,360.85,360.85,7,7,26.31,26.31,4784.99,4784.99,90.21,90.21,,,,24,360.85,7,26.31,4784.99,90.21,
1285,6,42.76,3,21.38,669.95,4632.6,6,6,669.95,669.95,3,3,21.38,21.38,4632.6,4632.6,42.76,42.76,,,,6,669.95,3,21.38,4632.6,42.76,
1286,NA,NA,12,13.6,NA,3384.14,0,19,223.06,457.27,12,12,13.6,13.6,3384.14,3384.14,0,46.3,,,,0,223.06,12,13.6,3384.14,0,
1287,8,15.07,1,1.88,177.06,3987.64,8,8,177.06,177.06,1,1,1.88,1.88,3987.64,3987.64,15.07,15.07,,,,8,177.06,1,1.88,3987.64,15.07,
1288,8,27.64,4,13.82,190.01,1931.18,8,8,190.01,190.01,4,4,13.82,13.82,1931.18,1931.18,27.64,27.64,,,,8,190.01,4,13.82,1931.18,27.64,
1289,14,36.68,9,23.58,822.57,3492,14,14,822.57,822.57,9,9,23.58,23.58,3492,3492,36.68,36.68,,,,14,822.57,9,23.58,3492,36.68,
1290,11,27.15,48,118.49,589.98,4825.97,11,11,589.98,589.98,48,48,118.49,118.49,4825.97,4825.97,27.15,27.15,,,,11,589.98,48,118.49,4825.97,27.15,
1291,16,35.02,4,8.75,188.22,3403.37,16,16,188.22,188.22,4,4,8.75,8.75,3403.37,3403.37,35.02,35.02,,,,16,188.22,4,8.75,3403.37,35.02,
1292,NA,NA,20,59.28,NA,2726.98,0,5,223.06,113.19,20,20,59.28,59.28,2726.98,2726.98,0,14.23,,,,0,223.06,20,59.28,2726.98,0,
1293,1,5.05,2,10.11,151.58,3910.87,1,1,151.58,151.58,2,2,10.11,10.11,3910.87,3910.87,5.05,5.05,,,,1,151.58,2,10.11,3910.87,5.05,
1294,NA,NA,3,23.72,NA,4523.53,0,10,223.06,1664.84,3,3,23.72,23.72,4523.53,4523.53,0,6.68,,,,0,223.06,3,23.72,4523.53,0,
1295,0,0,4,23.32,145.76,5054.8,0,0,145.76,145.76,4,4,23.32,23.32,5054.8,5054.8,0,0,,,,0,145.76,4,23.32,5054.8,0,
1296,73,97.8,22,29.47,833.29,7431.27,73,73,833.29,833.29,22,22,29.47,29.47,7431.27,7431.27,97.8,97.8,,,,73,833.29,22,29.47,7431.27,97.8,
1297,204,83.66,135,55.36,1135.5,8027.25,204,204,1135.5,1135.5,135,135,55.36,55.36,8027.25,8027.25,83.66,83.66,,,,204,1135.5,135,55.36,8027.25,83.66,
1298,297,109.7,215,79.42,2466.68,9349.97,297,297,2466.68,2466.68,215,215,79.42,79.42,9349.97,9349.97,109.7,109.7,,,,297,2466.68,215,79.42,9349.97,109.7,
1299,3,24.47,3,24.47,750.53,8117.15,3,3,750.53,750.53,3,3,24.47,24.47,8117.15,8117.15,24.47,24.47,,,,3,750.53,3,24.47,8117.15,24.47,
1300,22,52.11,6,14.21,184.77,3181.33,22,22,184.77,184.77,6,6,14.21,14.21,3181.33,3181.33,52.11,52.11,,,,22,184.77,6,14.21,3181.33,52.11,
1301,72,54.11,192,144.3,1908.96,8455.77,72,72,1908.96,1908.96,192,192,144.3,144.3,8455.77,8455.77,54.11,54.11,,,,72,1908.96,192,144.3,8455.77,54.11,
1302,1,7.82,0,0,54.75,5552.95,1,1,54.75,54.75,0,0,0,0,5552.95,5552.95,7.82,7.82,,,,1,54.75,0,0,5552.95,7.82,
1303,NA,NA,2,11.24,NA,2872.72,0,49,223.06,342.06,2,2,11.24,11.24,2872.72,2872.72,0,38.24,,,,0,223.06,2,11.24,2872.72,0,
1304,NA,NA,3,25.66,NA,6003.59,0,20,223.06,2344.56,3,3,25.66,25.66,6003.59,6003.59,0,17.7,,,,0,223.06,3,25.66,6003.59,0,
1305,5,23.05,7,32.27,364.21,5297.13,5,5,364.21,364.21,7,7,32.27,32.27,5297.13,5297.13,23.05,23.05,,,,5,364.21,7,32.27,5297.13,23.05,
1306,3,22.93,NA,NA,122.28,NA,3,3,122.28,122.28,0,17,0,0,2246.14,5007.38,22.93,22.93,,,,3,122.28,0,0,2246.14,22.93,
1307,1,7.93,NA,NA,15.86,NA,1,1,15.86,15.86,0,35,0,81.37,2246.14,4399.57,7.93,7.93,,,,1,15.86,0,0,2246.14,7.93,
1308,3,8.69,0,0,147.79,4129.36,3,3,147.79,147.79,0,0,0,0,4129.36,4129.36,8.69,8.69,,,,3,147.79,0,0,4129.36,8.69,
1309,NA,NA,3,16.62,NA,3927.98,0,8,223.06,286.66,3,3,16.62,16.62,3927.98,3927.98,0,9.69,,,,0,223.06,3,16.62,3927.98,0,
1310,NA,NA,0,0,NA,9384.65,0,2,223.06,171.06,0,0,0,0,9384.65,9384.65,0,43.64,,,,0,223.06,0,0,9384.65,0,
1311,11,34.36,0,0,1680.3,12452.37,11,11,1680.3,1680.3,0,0,0,0,12452.37,12452.37,34.36,34.36,,,,11,1680.3,0,0,12452.37,34.36,
1312,1,5.99,1,5.99,83.81,2675.85,1,1,83.81,83.81,1,1,5.99,5.99,2675.85,2675.85,5.99,5.99,,,,1,83.81,1,5.99,2675.85,5.99,
1313,22,64.33,7,20.47,663.76,7228.28,22,22,663.76,663.76,7,7,20.47,20.47,7228.28,7228.28,64.33,64.33,,,,22,663.76,7,20.47,7228.28,64.33,
1314,53,61.77,33,38.46,536.08,5063.63,53,53,536.08,536.08,33,33,38.46,38.46,5063.63,5063.63,61.77,61.77,,,,53,536.08,33,38.46,5063.63,61.77,
1315,1,6.07,0,0,103.24,2641.81,1,1,103.24,103.24,0,0,0,0,2641.81,2641.81,6.07,6.07,,,,1,103.24,0,0,2641.81,6.07,
1316,44,51.13,18,20.92,779.72,5227.99,44,44,779.72,779.72,18,18,20.92,20.92,5227.99,5227.99,51.13,51.13,,,,44,779.72,18,20.92,5227.99,51.13,
1317,NA,NA,12,38.75,NA,10074.27,0,1,223.06,140.88,12,12,38.75,38.75,10074.27,10074.27,0,6.64,,,,0,223.06,12,38.75,10074.27,0,
1318,24,43.82,17,31.04,385.23,3850.44,24,24,385.23,385.23,17,17,31.04,31.04,3850.44,3850.44,43.82,43.82,,,,24,385.23,17,31.04,3850.44,43.82,
1319,8,47.01,0,0,82.26,5153.06,8,8,82.26,82.26,0,0,0,0,5153.06,5153.06,47.01,47.01,,,,8,82.26,0,0,5153.06,47.01,
1320,3,10.29,8,27.43,236.6,1543.05,3,3,236.6,236.6,8,8,27.43,27.43,1543.05,1543.05,10.29,10.29,,,,3,236.6,8,27.43,1543.05,10.29,
1321,6,50,2,16.67,716.61,5232.9,6,6,716.61,716.61,2,2,16.67,16.67,5232.9,5232.9,50,50,,,,6,716.61,2,16.67,5232.9,50,
1322,18,40.58,16,36.07,845.39,9292.57,18,18,845.39,845.39,16,16,36.07,36.07,9292.57,9292.57,40.58,40.58,,,,18,845.39,16,36.07,9292.57,40.58,
1323,2,6.01,NA,NA,204.32,NA,2,2,204.32,204.32,0,15,0,11.09,2246.14,4181.35,6.01,6.01,,,,2,204.32,0,0,2246.14,6.01,
1324,0,0,NA,NA,17.24,NA,0,0,17.24,17.24,0,2282,0,215.48,2246.14,4129.36,0,0,,,,0,17.24,0,0,2246.14,0,
1325,5,12.6,1,2.52,297.32,3897.9,5,5,297.32,297.32,1,1,2.52,2.52,3897.9,3897.9,12.6,12.6,,,,5,297.32,1,2.52,3897.9,12.6,
1326,18,44.54,16,39.59,143.51,4097.49,18,18,143.51,143.51,16,16,39.59,39.59,4097.49,4097.49,44.54,44.54,,,,18,143.51,16,39.59,4097.49,44.54,
1327,0,0,0,0,50.49,1609.44,0,0,50.49,50.49,0,0,0,0,1609.44,1609.44,0,0,,,,0,50.49,0,0,1609.44,0,
1328,8,14.19,4,7.1,475.46,3738,8,8,475.46,475.46,4,4,7.1,7.1,3738,3738,14.19,14.19,,,,8,475.46,4,7.1,3738,14.19,
1329,1,5.6,11,61.62,39.21,1243.63,1,1,39.21,39.21,11,11,61.62,61.62,1243.63,1243.63,5.6,5.6,,,,1,39.21,11,61.62,1243.63,5.6,
1330,8,28.99,3,10.87,1138.05,9843.79,8,8,1138.05,1138.05,3,3,10.87,10.87,9843.79,9843.79,28.99,28.99,,,,8,1138.05,3,10.87,9843.79,28.99,
1331,11,25.79,10,23.45,1313.17,3831.63,11,11,1313.17,1313.17,10,10,23.45,23.45,3831.63,3831.63,25.79,25.79,,,,11,1313.17,10,23.45,3831.63,25.79,
1332,8,24.8,5,15.5,796.75,6308.9,8,8,796.75,796.75,5,5,15.5,15.5,6308.9,6308.9,24.8,24.8,,,,8,796.75,5,15.5,6308.9,24.8,
1333,2,8.71,0,0,95.76,1915.21,2,2,95.76,95.76,0,0,0,0,1915.21,1915.21,8.71,8.71,,,,2,95.76,0,0,1915.21,8.71,
1334,NA,NA,4,31.57,NA,4356.06,0,45,223.06,950.27,4,4,31.57,31.57,4356.06,4356.06,0,30.37,,,,0,223.06,4,31.57,4356.06,0,
1335,2,15.08,15,113.13,211.18,7240.37,2,2,211.18,211.18,15,15,113.13,113.13,7240.37,7240.37,15.08,15.08,,,,2,211.18,15,113.13,7240.37,15.08,
1336,4,14.02,5,17.53,234.84,2316.86,4,4,234.84,234.84,5,5,17.53,17.53,2316.86,2316.86,14.02,14.02,,,,4,234.84,5,17.53,2316.86,14.02,
1337,3,5.38,9,16.14,270.88,4952.91,3,3,270.88,270.88,9,9,16.14,16.14,4952.91,4952.91,5.38,5.38,,,,3,270.88,9,16.14,4952.91,5.38,
1338,13,50.55,4,15.55,497.69,4514.17,13,13,497.69,497.69,4,4,15.55,15.55,4514.17,4514.17,50.55,50.55,,,,13,497.69,4,15.55,4514.17,50.55,
1339,0,0,15,100.2,387.44,8076.15,0,0,387.44,387.44,15,15,100.2,100.2,8076.15,8076.15,0,0,,,,0,387.44,15,100.2,8076.15,0,
1340,13,85.4,2,13.14,1517.44,9794.39,13,13,1517.44,1517.44,2,2,13.14,13.14,9794.39,9794.39,85.4,85.4,,,,13,1517.44,2,13.14,9794.39,85.4,
1341,3,21.7,10,72.32,130.17,3087.94,3,3,130.17,130.17,10,10,72.32,72.32,3087.94,3087.94,21.7,21.7,,,,3,130.17,10,72.32,3087.94,21.7,
1342,3,20.03,0,0,1108.14,7162.88,3,3,1108.14,1108.14,0,0,0,0,7162.88,7162.88,20.03,20.03,,,,3,1108.14,0,0,7162.88,20.03,
1343,9,26.64,78,230.84,790.2,5445.56,9,9,790.2,790.2,78,78,230.84,230.84,5445.56,5445.56,26.64,26.64,,,,9,790.2,78,230.84,5445.56,26.64,
1344,3,27.7,9,83.09,840.18,4256.3,3,3,840.18,840.18,9,9,83.09,83.09,4256.3,4256.3,27.7,27.7,,,,3,840.18,9,83.09,4256.3,27.7,
1345,6,12.45,7,14.53,373.65,4739.07,6,6,373.65,373.65,7,7,14.53,14.53,4739.07,4739.07,12.45,12.45,,,,6,373.65,7,14.53,4739.07,12.45,
1346,NA,NA,25,61.18,NA,10715.77,0,22,223.06,171.38,25,25,61.18,61.18,10715.77,10715.77,0,44.94,,,,0,223.06,25,61.18,10715.77,0,
1347,11,44.71,14,56.9,325.15,5742.97,11,11,325.15,325.15,14,14,56.9,56.9,5742.97,5742.97,44.71,44.71,,,,11,325.15,14,56.9,5742.97,44.71,
1348,4,12.41,0,0,425.03,3378.53,4,4,425.03,425.03,0,0,0,0,3378.53,3378.53,12.41,12.41,,,,4,425.03,0,0,3378.53,12.41,
1349,NA,NA,1,4.61,NA,1354.21,0,13,223.06,282.67,1,1,4.61,4.61,1354.21,1354.21,0,25.15,,,,0,223.06,1,4.61,1354.21,0,
1350,28,49.54,5,8.85,265.42,4055.56,28,28,265.42,265.42,5,5,8.85,8.85,4055.56,4055.56,49.54,49.54,,,,28,265.42,5,8.85,4055.56,49.54,
1351,8,33.88,0,0,173.62,2151.18,8,8,173.62,173.62,0,0,0,0,2151.18,2151.18,33.88,33.88,,,,8,173.62,0,0,2151.18,33.88,
1352,4,13.67,0,0,1196.34,2631.94,4,4,1196.34,1196.34,0,0,0,0,2631.94,2631.94,13.67,13.67,,,,4,1196.34,0,0,2631.94,13.67,
1353,130,70.28,143,77.3,555.18,7553.59,130,130,555.18,555.18,143,143,77.3,77.3,7553.59,7553.59,70.28,70.28,,,,130,555.18,143,77.3,7553.59,70.28,
1354,NA,NA,3,22.38,NA,2872.06,0,11,223.06,444.17,3,3,22.38,22.38,2872.06,2872.06,0,62.01,,,,0,223.06,3,22.38,2872.06,0,
1355,5,14.58,13,37.91,358.64,5181.36,5,5,358.64,358.64,13,13,37.91,37.91,5181.36,5181.36,14.58,14.58,,,,5,358.64,13,37.91,5181.36,14.58,
1356,1,8.84,1,8.84,106.04,3614.35,1,1,106.04,106.04,1,1,8.84,8.84,3614.35,3614.35,8.84,8.84,,,,1,106.04,1,8.84,3614.35,8.84,
1357,15,43.97,8,23.45,275.53,8969.4,15,15,275.53,275.53,8,8,23.45,23.45,8969.4,8969.4,43.97,43.97,,,,15,275.53,8,23.45,8969.4,43.97,
1358,17,56.75,12,40.06,824.52,5738.22,17,17,824.52,824.52,12,12,40.06,40.06,5738.22,5738.22,56.75,56.75,,,,17,824.52,12,40.06,5738.22,56.75,
1359,8,23.68,1,2.96,239.72,2903.31,8,8,239.72,239.72,1,1,2.96,2.96,2903.31,2903.31,23.68,23.68,,,,8,239.72,1,2.96,2903.31,23.68,
1360,8,48.24,1,6.03,319.6,4287.52,8,8,319.6,319.6,1,1,6.03,6.03,4287.52,4287.52,48.24,48.24,,,,8,319.6,1,6.03,4287.52,48.24,
1361,13,19.67,6,9.08,175.54,2916.07,13,13,175.54,175.54,6,6,9.08,9.08,2916.07,2916.07,19.67,19.67,,,,13,175.54,6,9.08,2916.07,19.67,
1362,NA,NA,16,61.8,NA,5090.38,0,8,223.06,88.3,16,16,61.8,61.8,5090.38,5090.38,0,10.77,,,,0,223.06,16,61.8,5090.38,0,
1363,82,96.97,76,89.88,1224,7475.25,82,82,1224,1224,76,76,89.88,89.88,7475.25,7475.25,96.97,96.97,,,,82,1224,76,89.88,7475.25,96.97,
1364,6,53.82,1,8.97,125.57,3264.87,6,6,125.57,125.57,1,1,8.97,8.97,3264.87,3264.87,53.82,53.82,,,,6,125.57,1,8.97,3264.87,53.82,
1365,0,0,1,8.66,138.54,1359.43,0,0,138.54,138.54,1,1,8.66,8.66,1359.43,1359.43,0,0,,,,0,138.54,1,8.66,1359.43,0,
1366,42,57.26,2,2.73,1203.87,7311.82,42,42,1203.87,1203.87,2,2,2.73,2.73,7311.82,7311.82,57.26,57.26,,,,42,1203.87,2,2.73,7311.82,57.26,
1367,20,22.79,18,20.51,208.56,6441.54,20,20,208.56,208.56,18,18,20.51,20.51,6441.54,6441.54,22.79,22.79,,,,20,208.56,18,20.51,6441.54,22.79,
1368,1,7.14,0,0,950.27,8202.34,1,1,950.27,950.27,0,0,0,0,8202.34,8202.34,7.14,7.14,,,,1,950.27,0,0,8202.34,7.14,
1369,0,0,0,0,66.3,1443.94,0,0,66.3,66.3,0,0,0,0,1443.94,1443.94,0,0,,,,0,66.3,0,0,1443.94,0,
1370,2,11.09,9,49.91,754.26,4630.91,2,2,754.26,754.26,9,9,49.91,49.91,4630.91,4630.91,11.09,11.09,,,,2,754.26,9,49.91,4630.91,11.09,
1371,6,27.98,NA,NA,1002.66,NA,6,6,1002.66,1002.66,0,21,0,4,2246.14,3080.42,27.98,27.98,,,,6,1002.66,0,0,2246.14,27.98,
1372,11,35.12,7,22.35,268.19,3457.74,11,11,268.19,268.19,7,7,22.35,22.35,3457.74,3457.74,35.12,35.12,,,,11,268.19,7,22.35,3457.74,35.12,
1373,3,9.44,9,28.31,534.69,5777.82,3,3,534.69,534.69,9,9,28.31,28.31,5777.82,5777.82,9.44,9.44,,,,3,534.69,9,28.31,5777.82,9.44,
1374,7,25.39,0,0,304.71,5833.06,7,7,304.71,304.71,0,0,0,0,5833.06,5833.06,25.39,25.39,,,,7,304.71,0,0,5833.06,25.39,
1375,12,41.53,7,24.23,114.21,3637.43,12,12,114.21,114.21,7,7,24.23,24.23,3637.43,3637.43,41.53,41.53,,,,12,114.21,7,24.23,3637.43,41.53,
1376,3,18.04,0,0,120.26,1906.19,3,3,120.26,120.26,0,0,0,0,1906.19,1906.19,18.04,18.04,,,,3,120.26,0,0,1906.19,18.04,
1377,18,47.64,24,63.52,690.81,7453.28,18,18,690.81,690.81,24,24,63.52,63.52,7453.28,7453.28,47.64,47.64,,,,18,690.81,24,63.52,7453.28,47.64,
1378,2,15.7,NA,NA,125.63,NA,2,2,125.63,125.63,0,4,0,19.45,2246.14,4630.73,15.7,15.7,,,,2,125.63,0,0,2246.14,15.7,
1379,114,57.61,145,73.28,NA,5694,114,114,223.06,620.31,145,145,73.28,73.28,5694,5694,57.61,57.61,,,,114,223.06,145,73.28,5694,57.61,
1380,23,40.13,20,34.89,197.14,6512.56,23,23,197.14,197.14,20,20,34.89,34.89,6512.56,6512.56,40.13,40.13,,,,23,197.14,20,34.89,6512.56,40.13,
1381,1,5.44,1,5.44,212.07,2974.44,1,1,212.07,212.07,1,1,5.44,5.44,2974.44,2974.44,5.44,5.44,,,,1,212.07,1,5.44,2974.44,5.44,
1382,44,67.28,8,12.23,697.28,7370.37,44,44,697.28,697.28,8,8,12.23,12.23,7370.37,7370.37,67.28,67.28,,,,44,697.28,8,12.23,7370.37,67.28,
1383,5,29.86,1,5.97,513.59,3147.21,5,5,513.59,513.59,1,1,5.97,5.97,3147.21,3147.21,29.86,29.86,,,,5,513.59,1,5.97,3147.21,29.86,
1384,15,78.79,4,21.01,546.28,4107.57,15,15,546.28,546.28,4,4,21.01,21.01,4107.57,4107.57,78.79,78.79,,,,15,546.28,4,21.01,4107.57,78.79,
1385,3,9.47,2,6.31,123.07,1707.22,3,3,123.07,123.07,2,2,6.31,6.31,1707.22,1707.22,9.47,9.47,,,,3,123.07,2,6.31,1707.22,9.47,
1386,10,25.19,13,32.74,619.57,2284.35,10,10,619.57,619.57,13,13,32.74,32.74,2284.35,2284.35,25.19,25.19,,,,10,619.57,13,32.74,2284.35,25.19,
1387,NA,NA,0,0,NA,2917,0,0,223.06,93.7,0,0,0,0,2917,2917,0,14.91,,,,0,223.06,0,0,2917,0,
1388,11,79.31,1,7.21,216.29,2718.1,11,11,216.29,216.29,1,1,7.21,7.21,2718.1,2718.1,79.31,79.31,,,,11,216.29,1,7.21,2718.1,79.31,
1389,6,45.64,2,15.21,167.34,3772.72,6,6,167.34,167.34,2,2,15.21,15.21,3772.72,3772.72,45.64,45.64,,,,6,167.34,2,15.21,3772.72,45.64,
1390,61,113.04,33,61.15,563.33,5957.57,61,61,563.33,563.33,33,33,61.15,61.15,5957.57,5957.57,113.04,113.04,,,,61,563.33,33,61.15,5957.57,113.04,
1391,4,11.5,9,25.88,485.98,4077.64,4,4,485.98,485.98,9,9,25.88,25.88,4077.64,4077.64,11.5,11.5,,,,4,485.98,9,25.88,4077.64,11.5,
1392,9,69.03,1,7.67,1165.91,6696.33,9,9,1165.91,1165.91,1,1,7.67,7.67,6696.33,6696.33,69.03,69.03,,,,9,1165.91,1,7.67,6696.33,69.03,
1393,79,85.7,278,301.59,2299.87,6833.44,79,79,2299.87,2299.87,278,278,301.59,301.59,6833.44,6833.44,85.7,85.7,,,,79,2299.87,278,301.59,6833.44,85.7,
1394,22,40.7,12,22.2,199.81,4754.77,22,22,199.81,199.81,12,12,22.2,22.2,4754.77,4754.77,40.7,40.7,,,,22,199.81,12,22.2,4754.77,40.7,
1395,5,22.61,1,4.52,108.52,1777.07,5,5,108.52,108.52,1,1,4.52,4.52,1777.07,1777.07,22.61,22.61,,,,5,108.52,1,4.52,1777.07,22.61,
1396,1,5.97,8,47.78,286.67,4646.44,1,1,286.67,286.67,8,8,47.78,47.78,4646.44,4646.44,5.97,5.97,,,,1,286.67,8,47.78,4646.44,5.97,
1397,0,0,NA,NA,0,NA,0,0,0,0,0,59,0,50.67,2246.14,6682.63,0,0,,,,0,0,0,0,2246.14,0,
1398,0,0,2,12.56,238.59,2059.4,0,0,238.59,238.59,2,2,12.56,12.56,2059.4,2059.4,0,0,,,,0,238.59,2,12.56,2059.4,0,
1399,13,41.36,9,28.63,362.65,2742.17,13,13,362.65,362.65,9,9,28.63,28.63,2742.17,2742.17,41.36,41.36,,,,13,362.65,9,28.63,2742.17,41.36,
1400,7,37.68,5,26.92,602.9,5151.53,7,7,602.9,602.9,5,5,26.92,26.92,5151.53,5151.53,37.68,37.68,,,,7,602.9,5,26.92,5151.53,37.68,
1401,14,67.7,9,43.52,483.61,3032.21,14,14,483.61,483.61,9,9,43.52,43.52,3032.21,3032.21,67.7,67.7,,,,14,483.61,9,43.52,3032.21,67.7,
1402,3,22.13,4,29.51,177.04,4086.75,3,3,177.04,177.04,4,4,29.51,29.51,4086.75,4086.75,22.13,22.13,,,,3,177.04,4,29.51,4086.75,22.13,
1403,518,144.81,NA,NA,1811.81,NA,518,518,1811.81,1811.81,0,1,0,63.69,2246.14,6252.75,144.81,144.81,,,,518,1811.81,0,0,2246.14,144.81,
1404,NA,NA,6,17.97,NA,4927.66,0,4,223.06,669.95,6,6,17.97,17.97,4927.66,4927.66,0,61.44,,,,0,223.06,6,17.97,4927.66,0,
1405,0,0,0,0,35.26,2397.74,0,0,35.26,35.26,0,0,0,0,2397.74,2397.74,0,0,,,,0,35.26,0,0,2397.74,0,
1406,14,38.73,NA,NA,370.67,NA,14,14,370.67,370.67,0,4,0,72.94,2246.14,5862.24,38.73,38.73,,,,14,370.67,0,0,2246.14,38.73,
1407,12,69.93,12,69.93,1730.67,5524.15,12,12,1730.67,1730.67,12,12,69.93,69.93,5524.15,5524.15,69.93,69.93,,,,12,1730.67,12,69.93,5524.15,69.93,
1408,18,50.77,14,39.49,857.47,5835.9,18,18,857.47,857.47,14,14,39.49,39.49,5835.9,5835.9,50.77,50.77,,,,18,857.47,14,39.49,5835.9,50.77,
1409,5,44.74,0,0,1082.77,5100.67,5,5,1082.77,1082.77,0,0,0,0,5100.67,5100.67,44.74,44.74,,,,5,1082.77,0,0,5100.67,44.74,
1410,26,66.83,NA,NA,179.92,NA,26,26,179.92,179.92,0,1,0,0,2246.14,11671.52,66.83,66.83,,,,26,179.92,0,0,2246.14,66.83,
1411,13,31.16,18,43.14,467.36,4510.59,13,13,467.36,467.36,18,18,43.14,43.14,4510.59,4510.59,31.16,31.16,,,,13,467.36,18,43.14,4510.59,31.16,
1412,12,22.33,17,31.63,2037.32,5511.01,12,12,2037.32,2037.32,17,17,31.63,31.63,5511.01,5511.01,22.33,22.33,,,,12,2037.32,17,31.63,5511.01,22.33,
1413,3,7.48,6,14.96,79.79,2580.79,3,3,79.79,79.79,6,6,14.96,14.96,2580.79,2580.79,7.48,7.48,,,,3,79.79,6,14.96,2580.79,7.48,
1414,29,50.52,NA,NA,1956.24,NA,29,29,1956.24,1956.24,0,21,0,22.2,2246.14,27010.77,50.52,50.52,,,,29,1956.24,0,0,2246.14,50.52,
1415,4,16.65,7,29.14,237.29,3488.61,4,4,237.29,237.29,7,7,29.14,29.14,3488.61,3488.61,16.65,16.65,,,,4,237.29,7,29.14,3488.61,16.65,
1416,34,167.69,9,44.39,1252.77,10954.38,34,34,1252.77,1252.77,9,9,44.39,44.39,10954.38,10954.38,167.69,167.69,,,,34,1252.77,9,44.39,10954.38,167.69,
1417,49,47.14,57,54.84,1189.11,3553.87,49,49,1189.11,1189.11,57,57,54.84,54.84,3553.87,3553.87,47.14,47.14,,,,49,1189.11,57,54.84,3553.87,47.14,
1418,6,16.73,3,8.36,867.12,2238.89,6,6,867.12,867.12,3,3,8.36,8.36,2238.89,2238.89,16.73,16.73,,,,6,867.12,3,8.36,2238.89,16.73,
1419,17,88.84,15,78.39,2241.85,8005.85,17,17,2241.85,2241.85,15,15,78.39,78.39,8005.85,8005.85,88.84,88.84,,,,17,2241.85,15,78.39,8005.85,88.84,
1420,2,18.32,1,9.16,219.84,1190.8,2,2,219.84,219.84,1,1,9.16,9.16,1190.8,1190.8,18.32,18.32,,,,2,219.84,1,9.16,1190.8,18.32,
1421,66,44.91,66,44.91,1019.98,5153.64,66,66,1019.98,1019.98,66,66,44.91,44.91,5153.64,5153.64,44.91,44.91,,,,66,1019.98,66,44.91,5153.64,44.91,
1422,11,81.43,5,37.01,1317.64,10171,11,11,1317.64,1317.64,5,5,37.01,37.01,10171,10171,81.43,81.43,,,,11,1317.64,5,37.01,10171,81.43,
1423,16,57.04,14,49.91,438.5,5340.46,16,16,438.5,438.5,14,14,49.91,49.91,5340.46,5340.46,57.04,57.04,,,,16,438.5,14,49.91,5340.46,57.04,
1424,8,17.79,11,24.47,698.38,4450.52,8,8,698.38,698.38,11,11,24.47,24.47,4450.52,4450.52,17.79,17.79,,,,8,698.38,11,24.47,4450.52,17.79,
1425,16,38.9,25,60.78,636.96,5810.42,16,16,636.96,636.96,25,25,60.78,60.78,5810.42,5810.42,38.9,38.9,,,,16,636.96,25,60.78,5810.42,38.9,
1426,1,7.16,0,0,150.31,2898.86,1,1,150.31,150.31,0,0,0,0,2898.86,2898.86,7.16,7.16,,,,1,150.31,0,0,2898.86,7.16,
1427,33,52,69,108.73,2124.14,NA,33,33,2124.14,2124.14,69,69,108.73,108.73,2246.14,5181.36,52,52,,,,33,2124.14,69,108.73,2246.14,52,
1428,17,68.68,8,32.32,484.83,5244.23,17,17,484.83,484.83,8,8,32.32,32.32,5244.23,5244.23,68.68,68.68,,,,17,484.83,8,32.32,5244.23,68.68,
1429,9,22.1,17,41.75,260.35,4315.36,9,9,260.35,260.35,17,17,41.75,41.75,4315.36,4315.36,22.1,22.1,,,,9,260.35,17,41.75,4315.36,22.1,
1430,396,34.2,245,21.16,1162.84,6219.62,396,396,1162.84,1162.84,245,245,21.16,21.16,6219.62,6219.62,34.2,34.2,,,,396,1162.84,245,21.16,6219.62,34.2,
1431,3,23.95,0,0,39.92,1892.37,3,3,39.92,39.92,0,0,0,0,1892.37,1892.37,23.95,23.95,,,,3,39.92,0,0,1892.37,23.95,
1432,3,23.83,1,7.94,150.9,2422.37,3,3,150.9,150.9,1,1,7.94,7.94,2422.37,2422.37,23.83,23.83,,,,3,150.9,1,7.94,2422.37,23.83,
1433,5,19.54,5,19.54,418.07,3450.03,5,5,418.07,418.07,5,5,19.54,19.54,3450.03,3450.03,19.54,19.54,,,,5,418.07,5,19.54,3450.03,19.54,
1434,553,55.31,958,95.81,672.57,9191.32,553,553,672.57,672.57,958,958,95.81,95.81,9191.32,9191.32,55.31,55.31,,,,553,672.57,958,95.81,9191.32,55.31,
1435,NA,NA,1676,60.95,NA,7604.09,0,2,223.06,212.78,1676,1676,60.95,60.95,7604.09,7604.09,0,19.83,,,,0,223.06,1676,60.95,7604.09,0,
1436,NA,NA,2,15.47,NA,5901.92,0,0,223.06,0,2,2,15.47,15.47,5901.92,5901.92,0,22.54,,,,0,223.06,2,15.47,5901.92,0,
1437,1,6.88,2,13.77,117.03,1239.16,1,1,117.03,117.03,2,2,13.77,13.77,1239.16,1239.16,6.88,6.88,,,,1,117.03,2,13.77,1239.16,6.88,
1438,102,86.77,58,49.34,537.64,6058.7,102,102,537.64,537.64,58,58,49.34,49.34,6058.7,6058.7,86.77,86.77,,,,102,537.64,58,49.34,6058.7,86.77,
1439,4,9.26,35,80.98,333.19,3158.41,4,4,333.19,333.19,35,35,80.98,80.98,3158.41,3158.41,9.26,9.26,,,,4,333.19,35,80.98,3158.41,9.26,
1440,2,5.39,0,0,177.84,3823.66,2,2,177.84,177.84,0,0,0,0,3823.66,3823.66,5.39,5.39,,,,2,177.84,0,0,3823.66,5.39,
1441,NA,NA,2,18.63,NA,2506.06,0,29,223.06,1565.55,2,2,18.63,18.63,2506.06,2506.06,0,168.46,,,,0,223.06,2,18.63,2506.06,0,
1442,7,46.48,1,6.64,338.62,4727.44,7,7,338.62,338.62,1,1,6.64,6.64,4727.44,4727.44,46.48,46.48,,,,7,338.62,1,6.64,4727.44,46.48,
1443,25,76.03,4,12.17,2572.91,6982.76,25,25,2572.91,2572.91,4,4,12.17,12.17,6982.76,6982.76,76.03,76.03,,,,25,2572.91,4,12.17,6982.76,76.03,
1444,28,84.67,20,60.48,1448.4,8360.8,28,28,1448.4,1448.4,20,20,60.48,60.48,8360.8,8360.8,84.67,84.67,,,,28,1448.4,20,60.48,8360.8,84.67,
1445,19,26.01,14,19.17,570.95,5554.79,19,19,570.95,570.95,14,14,19.17,19.17,5554.79,5554.79,26.01,26.01,,,,19,570.95,14,19.17,5554.79,26.01,
1446,NA,NA,1,8.69,NA,2712.57,0,1,223.06,253.89,1,1,8.69,8.69,2712.57,2712.57,0,130.69,,,,0,223.06,1,8.69,2712.57,0,
1447,1,8.14,0,0,415.11,3418.53,1,1,415.11,415.11,0,0,0,0,3418.53,3418.53,8.14,8.14,,,,1,415.11,0,0,3418.53,8.14,
1448,8,71.96,NA,NA,161.9,NA,8,8,161.9,161.9,0,16,0,15.22,2246.14,4102.48,71.96,71.96,,,,8,161.9,0,0,2246.14,71.96,
1449,1,3.94,6,23.63,712.74,9557,1,1,712.74,712.74,6,6,23.63,23.63,9557,9557,3.94,3.94,,,,1,712.74,6,23.63,9557,3.94,
1450,174,85.66,170,83.69,1617.17,9371.69,174,174,1617.17,1617.17,170,170,83.69,83.69,9371.69,9371.69,85.66,85.66,,,,174,1617.17,170,83.69,9371.69,85.66,
1451,8,15.59,9,17.53,409.11,5287.25,8,8,409.11,409.11,9,9,17.53,17.53,5287.25,5287.25,15.59,15.59,,,,8,409.11,9,17.53,5287.25,15.59,
1452,NA,NA,9,30.58,NA,3177.25,0,10,223.06,346.99,9,9,30.58,30.58,3177.25,3177.25,0,10.32,,,,0,223.06,9,30.58,3177.25,0,
1453,NA,NA,48,56.01,NA,4550.97,0,0,223.06,1622.96,48,48,56.01,56.01,4550.97,4550.97,0,10.75,,,,0,223.06,48,56.01,4550.97,0,
1454,6,27.52,2,9.17,210.97,3425.98,6,6,210.97,210.97,2,2,9.17,9.17,3425.98,3425.98,27.52,27.52,,,,6,210.97,2,9.17,3425.98,27.52,
1455,3,21.82,4,29.1,349.17,3673.53,3,3,349.17,349.17,4,4,29.1,29.1,3673.53,3673.53,21.82,21.82,,,,3,349.17,4,29.1,3673.53,21.82,
1456,NA,NA,5,24,NA,3048.63,0,39,223.06,265.42,5,5,24,24,3048.63,3048.63,0,7.17,,,,0,223.06,5,24,3048.63,0,
1457,2,10.77,4,21.54,113.07,4485.25,2,2,113.07,113.07,4,4,21.54,21.54,4485.25,4485.25,10.77,10.77,,,,2,113.07,4,21.54,4485.25,10.77,
1458,8,35.45,2,8.86,793.23,3137.46,8,8,793.23,793.23,2,2,8.86,8.86,3137.46,3137.46,35.45,35.45,,,,8,793.23,2,8.86,3137.46,35.45,
1459,2,16.7,1,8.35,66.79,1928.7,2,2,66.79,66.79,1,1,8.35,8.35,1928.7,1928.7,16.7,16.7,,,,2,66.79,1,8.35,1928.7,16.7,
1460,10,82.51,3,24.75,1889.44,11105.61,10,10,1889.44,1889.44,3,3,24.75,24.75,11105.61,11105.61,82.51,82.51,,,,10,1889.44,3,24.75,11105.61,82.51,
1461,0,0,1,3.7,85.15,3457.98,0,0,85.15,85.15,1,1,3.7,3.7,3457.98,3457.98,0,0,,,,0,85.15,1,3.7,3457.98,0,
1462,0,0,5,40.4,56.56,2108.75,0,0,56.56,56.56,5,5,40.4,40.4,2108.75,2108.75,0,0,,,,0,56.56,5,40.4,2108.75,0,
1463,9,42.31,0,0,103.43,2712.74,9,9,103.43,103.43,0,0,0,0,2712.74,2712.74,42.31,42.31,,,,9,103.43,0,0,2712.74,42.31,
1464,0,0,6,43.65,298.25,2880.63,0,0,298.25,298.25,6,6,43.65,43.65,2880.63,2880.63,0,0,,,,0,298.25,6,43.65,2880.63,0,
1465,79,49.5,116,72.68,852.74,6184.09,79,79,852.74,852.74,116,116,72.68,72.68,6184.09,6184.09,49.5,49.5,,,,79,852.74,116,72.68,6184.09,49.5,
1466,6,13.98,16,37.29,349.61,3920.29,6,6,349.61,349.61,16,16,37.29,37.29,3920.29,3920.29,13.98,13.98,,,,6,349.61,16,37.29,3920.29,13.98,
1467,24,51.51,53,113.75,847.77,7632.05,24,24,847.77,847.77,53,53,113.75,113.75,7632.05,7632.05,51.51,51.51,,,,24,847.77,53,113.75,7632.05,51.51,
1468,17,30.18,5,8.88,1075.77,5547.47,17,17,1075.77,1075.77,5,5,8.88,8.88,5547.47,5547.47,30.18,30.18,,,,17,1075.77,5,8.88,5547.47,30.18,
1469,0,0,4,35.43,79.71,4941.99,0,0,79.71,79.71,4,4,35.43,35.43,4941.99,4941.99,0,0,,,,0,79.71,4,35.43,4941.99,0,
1470,44,39.13,30,26.68,534.46,6542.41,44,44,534.46,534.46,30,30,26.68,26.68,6542.41,6542.41,39.13,39.13,,,,44,534.46,30,26.68,6542.41,39.13,
1471,99,79.71,227,182.78,2288.32,12328.9,99,99,2288.32,2288.32,227,227,182.78,182.78,12328.9,12328.9,79.71,79.71,,,,99,2288.32,227,182.78,12328.9,79.71,
1472,0,0,0,0,316.14,2746.83,0,0,316.14,316.14,0,0,0,0,2746.83,2746.83,0,0,,,,0,316.14,0,0,2746.83,0,
1473,9,68.4,1,7.6,782.85,4263.89,9,9,782.85,782.85,1,1,7.6,7.6,4263.89,4263.89,68.4,68.4,,,,9,782.85,1,7.6,4263.89,68.4,
1474,166,67.31,119,48.25,1807.31,6499.74,166,166,1807.31,1807.31,119,119,48.25,48.25,6499.74,6499.74,67.31,67.31,,,,166,1807.31,119,48.25,6499.74,67.31,
1475,1,3.85,9,34.61,30.76,2195.73,1,1,30.76,30.76,9,9,34.61,34.61,2195.73,2195.73,3.85,3.85,,,,1,30.76,9,34.61,2195.73,3.85,
1476,NA,NA,0,0,NA,3254.28,0,4,223.06,179.92,0,0,0,0,3254.28,3254.28,0,14.87,,,,0,223.06,0,0,3254.28,0,
1477,4,30.39,0,0,159.55,1671.48,4,4,159.55,159.55,0,0,0,0,1671.48,1671.48,30.39,30.39,,,,4,159.55,0,0,1671.48,30.39,
1478,1,8.96,3,26.88,268.82,4068.1,1,1,268.82,268.82,3,3,26.88,26.88,4068.1,4068.1,8.96,8.96,,,,1,268.82,3,26.88,4068.1,8.96,
1479,11,87.3,8,63.49,1007.94,5920.63,11,11,1007.94,1007.94,8,8,63.49,63.49,5920.63,5920.63,87.3,87.3,,,,11,1007.94,8,63.49,5920.63,87.3,
1480,0,0,NA,NA,44.32,NA,0,0,44.32,44.32,0,40,0,62.08,2246.14,3452.56,0,0,,,,0,44.32,0,0,2246.14,0,
1481,2,19.28,0,0,578.26,7305.32,2,2,578.26,578.26,0,0,0,0,7305.32,7305.32,19.28,19.28,,,,2,578.26,0,0,7305.32,19.28,
1482,8,23.27,4,11.64,267.64,4933.82,8,8,267.64,267.64,4,4,11.64,11.64,4933.82,4933.82,23.27,23.27,,,,8,267.64,4,11.64,4933.82,23.27,
1483,NA,NA,17,89.3,NA,6345.87,0,8,223.06,985.78,17,17,89.3,89.3,6345.87,6345.87,0,68.57,,,,0,223.06,17,89.3,6345.87,0,
1484,39,37.67,12,11.59,566.06,7883.27,39,39,566.06,566.06,12,12,11.59,11.59,7883.27,7883.27,37.67,37.67,,,,39,566.06,12,11.59,7883.27,37.67,
1485,3,28.97,0,0,86.9,2056.58,3,3,86.9,86.9,0,0,0,0,2056.58,2056.58,28.97,28.97,,,,3,86.9,0,0,2056.58,28.97,
1486,1,4.39,3,13.18,48.33,1818.82,1,1,48.33,48.33,3,3,13.18,13.18,1818.82,1818.82,4.39,4.39,,,,1,48.33,3,13.18,1818.82,4.39,
1487,0,0,0,0,204.98,3093.72,0,0,204.98,204.98,0,0,0,0,3093.72,3093.72,0,0,,,,0,204.98,0,0,3093.72,0,
1488,9,36.01,2,8,504.2,4957.98,9,9,504.2,504.2,2,2,8,8,4957.98,4957.98,36.01,36.01,,,,9,504.2,2,8,4957.98,36.01,
1489,1,8.11,NA,NA,1581.25,NA,1,1,1581.25,1581.25,0,8,0,0,2246.14,1032.44,8.11,8.11,,,,1,1581.25,0,0,2246.14,8.11,
1490,0,0,2,9.44,80.26,2105.66,0,0,80.26,80.26,2,2,9.44,9.44,2105.66,2105.66,0,0,,,,0,80.26,2,9.44,2105.66,0,
1491,7,26.57,3,11.39,170.78,2724.96,7,7,170.78,170.78,3,3,11.39,11.39,2724.96,2724.96,26.57,26.57,,,,7,170.78,3,11.39,2724.96,26.57,
1492,23,71.1,36,111.28,234.92,8645.79,23,23,234.92,234.92,36,36,111.28,111.28,8645.79,8645.79,71.1,71.1,,,,23,234.92,36,111.28,8645.79,71.1,
1493,6,11.93,5,9.94,79.56,2838.22,6,6,79.56,79.56,5,5,9.94,9.94,2838.22,2838.22,11.93,11.93,,,,6,79.56,5,9.94,2838.22,11.93,
1494,28,105.01,17,63.75,952.56,5306.58,28,28,952.56,952.56,17,17,63.75,63.75,5306.58,5306.58,105.01,105.01,,,,28,952.56,17,63.75,5306.58,105.01,
1495,191,102.65,160,85.99,1849.26,9547.28,191,191,1849.26,1849.26,160,160,85.99,85.99,9547.28,9547.28,102.65,102.65,,,,191,1849.26,160,85.99,9547.28,102.65,
1496,0,0,0,0,59.7,820.9,0,0,59.7,59.7,0,0,0,0,820.9,820.9,0,0,,,,0,59.7,0,0,820.9,0,
1497,29,57.04,10,19.67,572.35,5265.23,29,29,572.35,572.35,10,10,19.67,19.67,5265.23,5265.23,57.04,57.04,,,,29,572.35,10,19.67,5265.23,57.04,
1498,32,60.59,14,26.51,1168.18,6013.22,32,32,1168.18,1168.18,14,14,26.51,26.51,6013.22,6013.22,60.59,60.59,,,,32,1168.18,14,26.51,6013.22,60.59,
1499,1,4.82,1,4.82,173.64,2295.86,1,1,173.64,173.64,1,1,4.82,4.82,2295.86,2295.86,4.82,4.82,,,,1,173.64,1,4.82,2295.86,4.82,
1500,15,42.23,9,25.34,104.17,4099.33,15,15,104.17,104.17,9,9,25.34,25.34,4099.33,4099.33,42.23,42.23,,,,15,104.17,9,25.34,4099.33,42.23,
1501,3,21.49,5,35.81,1289.31,6955.09,3,3,1289.31,1289.31,5,5,35.81,35.81,6955.09,6955.09,21.49,21.49,,,,3,1289.31,5,35.81,6955.09,21.49,
1502,5,13.36,NA,NA,147,NA,5,5,147,147,0,26,0,8.75,2246.14,8282.9,13.36,13.36,,,,5,147,0,0,2246.14,13.36,
1503,5,40.8,3,24.48,220.3,4658.94,5,5,220.3,220.3,3,3,24.48,24.48,4658.94,4658.94,40.8,40.8,,,,5,220.3,3,24.48,4658.94,40.8,
1504,NA,NA,6,32.14,NA,5200.58,0,4,223.06,307.5,6,6,32.14,32.14,5200.58,5200.58,0,7.67,,,,0,223.06,6,32.14,5200.58,0,
1505,18,53.67,39,116.29,787.17,7391.62,18,18,787.17,787.17,39,39,116.29,116.29,7391.62,7391.62,53.67,53.67,,,,18,787.17,39,116.29,7391.62,53.67,
1506,0,0,13,14.07,143.94,3498.99,0,0,143.94,143.94,13,13,14.07,14.07,3498.99,3498.99,0,0,,,,0,143.94,13,14.07,3498.99,0,
1507,7,55.98,2,15.99,463.85,4526.55,7,7,463.85,463.85,2,2,15.99,15.99,4526.55,4526.55,55.98,55.98,,,,7,463.85,2,15.99,4526.55,55.98,
1508,3,11.87,18,71.23,407.57,13627.73,3,3,407.57,407.57,18,18,71.23,71.23,13627.73,13627.73,11.87,11.87,,,,3,407.57,18,71.23,13627.73,11.87,
1509,0,0,0,0,248.57,1464.56,0,0,248.57,248.57,0,0,0,0,1464.56,1464.56,0,0,,,,0,248.57,0,0,1464.56,0,
1510,35,77.67,12,26.63,372.83,3295.53,35,35,372.83,372.83,12,12,26.63,26.63,3295.53,3295.53,77.67,77.67,,,,35,372.83,12,26.63,3295.53,77.67,
1511,0,0,3,14.22,28.45,2204.52,0,0,28.45,28.45,3,3,14.22,14.22,2204.52,2204.52,0,0,,,,0,28.45,3,14.22,2204.52,0,
1512,1,9.96,1,9.96,89.62,3355.91,1,1,89.62,89.62,1,1,9.96,9.96,3355.91,3355.91,9.96,9.96,,,,1,89.62,1,9.96,3355.91,9.96,
1513,NA,NA,1,6.55,NA,1656.52,0,13,223.06,96.69,1,1,6.55,6.55,1656.52,1656.52,0,28.91,,,,0,223.06,1,6.55,1656.52,0,
1514,15,54.55,17,61.82,385.5,3302.18,15,15,385.5,385.5,17,17,61.82,61.82,3302.18,3302.18,54.55,54.55,,,,15,385.5,17,61.82,3302.18,54.55,
1515,9,27.19,8,24.17,241.68,2640.32,9,9,241.68,241.68,8,8,24.17,24.17,2640.32,2640.32,27.19,27.19,,,,9,241.68,8,24.17,2640.32,27.19,
1516,6,31.57,7,36.83,352.5,3367.18,6,6,352.5,352.5,7,7,36.83,36.83,3367.18,3367.18,31.57,31.57,,,,6,352.5,7,36.83,3367.18,31.57,
1517,14,24.24,25,43.28,361.82,4598.1,14,14,361.82,361.82,25,25,43.28,43.28,4598.1,4598.1,24.24,24.24,,,,14,361.82,25,43.28,4598.1,24.24,
1518,53,45.62,55,47.34,1118.18,6251.13,53,53,1118.18,1118.18,55,55,47.34,47.34,6251.13,6251.13,45.62,45.62,,,,53,1118.18,55,47.34,6251.13,45.62,
1519,9,26.42,NA,NA,129.17,NA,9,9,129.17,129.17,0,14,0,7.89,2246.14,2248.71,26.42,26.42,,,,9,129.17,0,0,2246.14,26.42,
1520,4,18.97,5,23.71,251.32,4846.13,4,4,251.32,251.32,5,5,23.71,23.71,4846.13,4846.13,18.97,18.97,,,,4,251.32,5,23.71,4846.13,18.97,
1521,NA,NA,5,16.31,NA,2719.98,0,19,223.06,1693.42,5,5,16.31,16.31,2719.98,2719.98,0,61.22,,,,0,223.06,5,16.31,2719.98,0,
1522,0,0,2,16.66,149.98,2199.63,0,0,149.98,149.98,2,2,16.66,16.66,2199.63,2199.63,0,0,,,,0,149.98,2,16.66,2199.63,0,
1523,10,62.93,4,25.17,295.76,2869.55,10,10,295.76,295.76,4,4,25.17,25.17,2869.55,2869.55,62.93,62.93,,,,10,295.76,4,25.17,2869.55,62.93,
1524,3,21.54,0,0,272.83,1744.69,3,3,272.83,272.83,0,0,0,0,1744.69,1744.69,21.54,21.54,,,,3,272.83,0,0,1744.69,21.54,
1525,3,10.25,4,13.67,167.41,1674.13,3,3,167.41,167.41,4,4,13.67,13.67,1674.13,1674.13,10.25,10.25,,,,3,167.41,4,13.67,1674.13,10.25,
1526,11,37.43,9,30.63,1102.6,6333.16,11,11,1102.6,1102.6,9,9,30.63,30.63,6333.16,6333.16,37.43,37.43,,,,11,1102.6,9,30.63,6333.16,37.43,
1527,5,39.53,9,71.15,1083.09,10253.78,5,5,1083.09,1083.09,9,9,71.15,71.15,10253.78,10253.78,39.53,39.53,,,,5,1083.09,9,71.15,10253.78,39.53,
1528,10,38.73,5,19.36,863.57,5305.35,10,10,863.57,863.57,5,5,19.36,19.36,5305.35,5305.35,38.73,38.73,,,,10,863.57,5,19.36,5305.35,38.73,
1529,32,72.32,31,70.06,596.65,9605.17,32,32,596.65,596.65,31,31,70.06,70.06,9605.17,9605.17,72.32,72.32,,,,32,596.65,31,70.06,9605.17,72.32,
1530,4,23.29,1,5.82,139.76,1176.33,4,4,139.76,139.76,1,1,5.82,5.82,1176.33,1176.33,23.29,23.29,,,,4,139.76,1,5.82,1176.33,23.29,
1531,8,46.04,6,34.53,828.73,6192.45,8,8,828.73,828.73,6,6,34.53,34.53,6192.45,6192.45,46.04,46.04,,,,8,828.73,6,34.53,6192.45,46.04,
1532,10,18.15,0,0,455.62,3165.73,10,10,455.62,455.62,0,0,0,0,3165.73,3165.73,18.15,18.15,,,,10,455.62,0,0,3165.73,18.15,
1533,3,7.78,3,7.78,59.64,2831.8,3,3,59.64,59.64,3,3,7.78,7.78,2831.8,2831.8,7.78,7.78,,,,3,59.64,3,7.78,2831.8,7.78,
1534,17,43.64,2,5.13,939.47,4833.41,17,17,939.47,939.47,2,2,5.13,5.13,4833.41,4833.41,43.64,43.64,,,,17,939.47,2,5.13,4833.41,43.64,
1535,18,70.76,6,23.59,1419.14,11671.52,18,18,1419.14,1419.14,6,6,23.59,23.59,11671.52,11671.52,70.76,70.76,,,,18,1419.14,6,23.59,11671.52,70.76,
1536,27,81.13,23,69.11,1577.48,12154.08,27,27,1577.48,1577.48,23,23,69.11,69.11,12154.08,12154.08,81.13,81.13,,,,27,1577.48,23,69.11,12154.08,81.13,
1537,200,170.67,59,50.35,1250.99,9531.77,200,200,1250.99,1250.99,59,59,50.35,50.35,9531.77,9531.77,170.67,170.67,,,,200,1250.99,59,50.35,9531.77,170.67,
1538,7,49.68,0,0,127.76,3080.42,7,7,127.76,127.76,0,0,0,0,3080.42,3080.42,49.68,49.68,,,,7,127.76,0,0,3080.42,49.68,
1539,12,23.76,17,33.66,384.07,4329.75,12,12,384.07,384.07,17,17,33.66,33.66,4329.75,4329.75,23.76,23.76,,,,12,384.07,17,33.66,4329.75,23.76,
1540,0,0,1,9.13,246.55,2100.26,0,0,246.55,246.55,1,1,9.13,9.13,2100.26,2100.26,0,0,,,,0,246.55,1,9.13,2100.26,0,
1541,4,30.04,1,7.51,232.79,3101.3,4,4,232.79,232.79,1,1,7.51,7.51,3101.3,3101.3,30.04,30.04,,,,4,232.79,1,7.51,3101.3,30.04,
1542,2,15.55,NA,NA,77.77,NA,2,2,77.77,77.77,0,11,0,13.72,2246.14,5422.38,15.55,15.55,,,,2,77.77,0,0,2246.14,15.55,
1543,15,80.45,5,26.82,1163.91,6141.39,15,15,1163.91,1163.91,5,5,26.82,26.82,6141.39,6141.39,80.45,80.45,,,,15,1163.91,5,26.82,6141.39,80.45,
1544,4,19.77,4,19.77,682.12,2590.08,4,4,682.12,682.12,4,4,19.77,19.77,2590.08,2590.08,19.77,19.77,,,,4,682.12,4,19.77,2590.08,19.77,
1545,3,25.8,9,77.4,395.6,5288.96,3,3,395.6,395.6,9,9,77.4,77.4,5288.96,5288.96,25.8,25.8,,,,3,395.6,9,77.4,5288.96,25.8,
1546,8,60.41,8,60.41,1230.84,7332.18,8,8,1230.84,1230.84,8,8,60.41,60.41,7332.18,7332.18,60.41,60.41,,,,8,1230.84,8,60.41,7332.18,60.41,
1547,NA,NA,14,56.64,NA,4721.26,0,12,223.06,617.09,14,14,56.64,56.64,4721.26,4721.26,0,3.87,,,,0,223.06,14,56.64,4721.26,0,
1548,4,23.65,6,35.48,76.88,1738.62,4,4,76.88,76.88,6,6,35.48,35.48,1738.62,1738.62,23.65,23.65,,,,4,76.88,6,35.48,1738.62,23.65,
1549,424,68.12,512,82.25,966.16,7218.05,424,424,966.16,966.16,512,512,82.25,82.25,7218.05,7218.05,68.12,68.12,,,,424,966.16,512,82.25,7218.05,68.12,
1550,18,48.7,9,24.35,1201.23,10253.77,18,18,1201.23,1201.23,9,9,24.35,24.35,10253.77,10253.77,48.7,48.7,,,,18,1201.23,9,24.35,10253.77,48.7,
1551,0,0,1,8.96,134.43,3826.85,0,0,134.43,134.43,1,1,8.96,8.96,3826.85,3826.85,0,0,,,,0,134.43,1,8.96,3826.85,0,
1552,2,16.72,2,16.72,292.57,4848.28,2,2,292.57,292.57,2,2,16.72,16.72,4848.28,4848.28,16.72,16.72,,,,2,292.57,2,16.72,4848.28,16.72,
1553,5,14.95,5,14.95,340.76,5153.19,5,5,340.76,340.76,5,5,14.95,14.95,5153.19,5153.19,14.95,14.95,,,,5,340.76,5,14.95,5153.19,14.95,
1554,8,16.48,3,6.18,348.12,3804.64,8,8,348.12,348.12,3,3,6.18,6.18,3804.64,3804.64,16.48,16.48,,,,8,348.12,3,6.18,3804.64,16.48,
1555,NA,NA,1,6.36,NA,5546.37,0,11,223.06,60.84,1,1,6.36,6.36,5546.37,5546.37,0,55.79,,,,0,223.06,1,6.36,5546.37,0,
1556,1,4.47,1,4.47,22.33,1246.15,1,1,22.33,22.33,1,1,4.47,4.47,1246.15,1246.15,4.47,4.47,,,,1,22.33,1,4.47,1246.15,4.47,
1557,1,5.08,0,0,244.05,4021.76,1,1,244.05,244.05,0,0,0,0,4021.76,4021.76,5.08,5.08,,,,1,244.05,0,0,4021.76,5.08,
1558,8,31.89,2,7.97,171.38,3021.12,8,8,171.38,171.38,2,2,7.97,7.97,3021.12,3021.12,31.89,31.89,,,,8,171.38,2,7.97,3021.12,31.89,
1559,NA,NA,4,5.23,NA,4248.06,0,18,223.06,649.83,4,4,5.23,5.23,4248.06,4248.06,0,59.18,,,,0,223.06,4,5.23,4248.06,0,
1560,1,3.87,0,0,85.1,3009.44,1,1,85.1,85.1,0,0,0,0,3009.44,3009.44,3.87,3.87,,,,1,85.1,0,0,3009.44,3.87,
1561,NA,NA,4,27.9,NA,2657.46,0,8,223.06,816.61,4,4,27.9,27.9,2657.46,2657.46,0,3.81,,,,0,223.06,4,27.9,2657.46,0,
1562,6,48.53,5,40.44,121.32,4019.73,6,6,121.32,121.32,5,5,40.44,40.44,4019.73,4019.73,48.53,48.53,,,,6,121.32,5,40.44,4019.73,48.53,
1563,39,21.14,50,27.1,483.47,3470.5,39,39,483.47,483.47,50,50,27.1,27.1,3470.5,3470.5,21.14,21.14,,,,39,483.47,50,27.1,3470.5,21.14,
1564,2,3.23,21,33.95,161.68,2942.65,2,2,161.68,161.68,21,21,33.95,33.95,2942.65,2942.65,3.23,3.23,,,,2,161.68,21,33.95,2942.65,3.23,
1565,NA,NA,6,25.01,NA,4205.39,0,8,223.06,1087.25,6,6,25.01,25.01,4205.39,4205.39,0,15.2,,,,0,223.06,6,25.01,4205.39,0,
1566,0,0,2,18.83,310.65,2776.99,0,0,310.65,310.65,2,2,18.83,18.83,2776.99,2776.99,0,0,,,,0,310.65,2,18.83,2776.99,0,
1567,2,7.44,3,11.16,141.42,2508.28,2,2,141.42,141.42,3,3,11.16,11.16,2508.28,2508.28,7.44,7.44,,,,2,141.42,3,11.16,2508.28,7.44,
1568,109,128.42,17,20.03,2065.29,7289.2,109,109,2065.29,2065.29,17,17,20.03,20.03,7289.2,7289.2,128.42,128.42,,,,109,2065.29,17,20.03,7289.2,128.42,
1569,18,45.19,82,205.85,1265.25,9165.54,18,18,1265.25,1265.25,82,82,205.85,205.85,9165.54,9165.54,45.19,45.19,,,,18,1265.25,82,205.85,9165.54,45.19,
1570,NA,NA,4,11.85,NA,4701.11,0,30,223.06,1514.12,4,4,11.85,11.85,4701.11,4701.11,0,45.28,,,,0,223.06,4,11.85,4701.11,0,
1571,15,33.78,13,29.28,617.09,6722.67,15,15,617.09,617.09,13,13,29.28,29.28,6722.67,6722.67,33.78,33.78,,,,15,617.09,13,29.28,6722.67,33.78,
1572,1,3.49,6,20.92,90.66,2873.38,1,1,90.66,90.66,6,6,20.92,20.92,2873.38,2873.38,3.49,3.49,,,,1,90.66,6,20.92,2873.38,3.49,
1573,NA,NA,1,8.97,NA,4414.54,0,3,223.06,2109.96,1,1,8.97,8.97,4414.54,4414.54,0,79.5,,,,0,223.06,1,8.97,4414.54,0,
1574,2,19.06,0,0,76.24,2639.86,2,2,76.24,76.24,0,0,0,0,2639.86,2639.86,19.06,19.06,,,,2,76.24,0,0,2639.86,19.06,
1575,11,88.1,NA,NA,1938.17,NA,11,11,1938.17,1938.17,0,2,0,9.17,2246.14,1348.5,88.1,88.1,,,,11,1938.17,0,0,2246.14,88.1,
1576,3,20.55,1,6.85,219.16,1657.42,3,3,219.16,219.16,1,1,6.85,6.85,1657.42,1657.42,20.55,20.55,,,,3,219.16,1,6.85,1657.42,20.55,
1577,17,59.26,5,17.43,1307.21,10938.75,17,17,1307.21,1307.21,5,5,17.43,17.43,10938.75,10938.75,59.26,59.26,,,,17,1307.21,5,17.43,10938.75,59.26,
1578,6,42.68,4,28.45,113.81,3151.23,6,6,113.81,113.81,4,4,28.45,28.45,3151.23,3151.23,42.68,42.68,,,,6,113.81,4,28.45,3151.23,42.68,
1579,7,56.18,6,48.15,698.18,2760.61,7,7,698.18,698.18,6,6,48.15,48.15,2760.61,2760.61,56.18,56.18,,,,7,698.18,6,48.15,2760.61,56.18,
1580,0,0,1,7.31,116.97,3136.19,0,0,116.97,116.97,1,1,7.31,7.31,3136.19,3136.19,0,0,,,,0,116.97,1,7.31,3136.19,0,
1581,14,49.5,15,53.03,597.51,7265.59,14,14,597.51,597.51,15,15,53.03,53.03,7265.59,7265.59,49.5,49.5,,,,14,597.51,15,53.03,7265.59,49.5,
1582,324,58.48,200,36.1,3048.38,9252.35,324,324,3048.38,3048.38,200,200,36.1,36.1,9252.35,9252.35,58.48,58.48,,,,324,3048.38,200,36.1,9252.35,58.48,
1583,21,28.62,81,110.38,720.85,4624.86,21,21,720.85,720.85,81,81,110.38,110.38,4624.86,4624.86,28.62,28.62,,,,21,720.85,81,110.38,4624.86,28.62,
1584,7,13.25,0,0,83.27,4210.9,7,7,83.27,83.27,0,0,0,0,4210.9,4210.9,13.25,13.25,,,,7,83.27,0,0,4210.9,13.25,
1585,10,83.96,15,125.93,444.97,7085.89,10,10,444.97,444.97,15,15,125.93,125.93,7085.89,7085.89,83.96,83.96,,,,10,444.97,15,125.93,7085.89,83.96,
1586,6,32.97,6,32.97,186.81,5961.54,6,6,186.81,186.81,6,6,32.97,32.97,5961.54,5961.54,32.97,32.97,,,,6,186.81,6,32.97,5961.54,32.97,
1587,5,37.56,7,52.59,1502.52,4492.52,5,5,1502.52,1502.52,7,7,52.59,52.59,4492.52,4492.52,37.56,37.56,,,,5,1502.52,7,52.59,4492.52,37.56,
1588,5,9.78,7,13.7,90.01,3254.08,5,5,90.01,90.01,7,7,13.7,13.7,3254.08,3254.08,9.78,9.78,,,,5,90.01,7,13.7,3254.08,9.78,
1589,1,3.86,4,15.45,390.07,3873.63,1,1,390.07,390.07,4,4,15.45,15.45,3873.63,3873.63,3.86,3.86,,,,1,390.07,4,15.45,3873.63,3.86,
1590,6,58.57,3,29.29,458.81,6696.6,6,6,458.81,458.81,3,3,29.29,29.29,6696.6,6696.6,58.57,58.57,,,,6,458.81,3,29.29,6696.6,58.57,
1591,3,14.52,1,4.84,96.77,1437,3,3,96.77,96.77,1,1,4.84,4.84,1437,1437,14.52,14.52,,,,3,96.77,1,4.84,1437,14.52,
1592,22,24.92,14,15.86,440.66,3533.2,22,22,440.66,440.66,14,14,15.86,15.86,3533.2,3533.2,24.92,24.92,,,,22,440.66,14,15.86,3533.2,24.92,
1593,NA,NA,4,39.69,NA,1905.14,0,1,223.06,530.44,4,4,39.69,39.69,1905.14,1905.14,0,16.04,,,,0,223.06,4,39.69,1905.14,0,
1594,36,131.27,27,98.45,3540.57,12185.96,36,36,3540.57,3540.57,27,27,98.45,98.45,12185.96,12185.96,131.27,131.27,,,,36,3540.57,27,98.45,12185.96,131.27,
1595,13,33.81,3,7.8,408.34,4390.35,13,13,408.34,408.34,3,3,7.8,7.8,4390.35,4390.35,33.81,33.81,,,,13,408.34,3,7.8,4390.35,33.81,
1596,6,30.46,0,0,568.5,2796.81,6,6,568.5,568.5,0,0,0,0,2796.81,2796.81,30.46,30.46,,,,6,568.5,0,0,2796.81,30.46,
1597,0,0,0,0,78.88,1507.45,0,0,78.88,78.88,0,0,0,0,1507.45,1507.45,0,0,,,,0,78.88,0,0,1507.45,0,
1598,2,6.33,0,0,740.32,4533.66,2,2,740.32,740.32,0,0,0,0,4533.66,4533.66,6.33,6.33,,,,2,740.32,0,0,4533.66,6.33,
1599,12,102.94,1,8.58,669.13,4520.89,12,12,669.13,669.13,1,1,8.58,8.58,4520.89,4520.89,102.94,102.94,,,,12,669.13,1,8.58,4520.89,102.94,
1600,14,28.86,19,39.16,138.1,6113.32,14,14,138.1,138.1,19,19,39.16,39.16,6113.32,6113.32,28.86,28.86,,,,14,138.1,19,39.16,6113.32,28.86,
1601,1,5.41,0,0,27.07,3789.93,1,1,27.07,27.07,0,0,0,0,3789.93,3789.93,5.41,5.41,,,,1,27.07,0,0,3789.93,5.41,
1602,7,48.02,0,0,1029.02,6613.16,7,7,1029.02,1029.02,0,0,0,0,6613.16,6613.16,48.02,48.02,,,,7,1029.02,0,0,6613.16,48.02,
1603,33,50.66,59,90.58,2956.98,4214.39,33,33,2956.98,2956.98,59,59,90.58,90.58,4214.39,4214.39,50.66,50.66,,,,33,2956.98,59,90.58,4214.39,50.66,
1604,35,34.88,64,63.79,1625.6,11484.87,35,35,1625.6,1625.6,64,64,63.79,63.79,11484.87,11484.87,34.88,34.88,,,,35,1625.6,64,63.79,11484.87,34.88,
1605,6,51.04,3,25.52,1514.12,7655.67,6,6,1514.12,1514.12,3,3,25.52,25.52,7655.67,7655.67,51.04,51.04,,,,6,1514.12,3,25.52,7655.67,51.04,
1606,492,121.68,248,61.33,4026.59,13325.77,492,492,4026.59,4026.59,248,248,61.33,61.33,13325.77,13325.77,121.68,121.68,,,,492,4026.59,248,61.33,13325.77,121.68,
1607,NA,NA,12,28.34,NA,5662.74,0,4,223.06,410.47,12,12,28.34,28.34,5662.74,5662.74,0,38.55,,,,0,223.06,12,28.34,5662.74,0,
1608,5,9.46,9,17.02,242.12,3514.55,5,5,242.12,242.12,9,9,17.02,17.02,3514.55,3514.55,9.46,9.46,,,,5,242.12,9,17.02,3514.55,9.46,
1609,3,23.53,8,62.76,439.32,4950.18,3,3,439.32,439.32,8,8,62.76,62.76,4950.18,4950.18,23.53,23.53,,,,3,439.32,8,62.76,4950.18,23.53,
1610,59,62.01,89,93.55,1432.64,NA,59,59,1432.64,1432.64,89,89,93.55,93.55,2246.14,6748.39,62.01,62.01,,,,59,1432.64,89,93.55,2246.14,62.01,
1611,1,9.02,0,0,243.53,3616.85,1,1,243.53,243.53,0,0,0,0,3616.85,3616.85,9.02,9.02,,,,1,243.53,0,0,3616.85,9.02,
1612,66,48.71,64,47.23,1160.86,6844.87,66,66,1160.86,1160.86,64,64,47.23,47.23,6844.87,6844.87,48.71,48.71,,,,66,1160.86,64,47.23,6844.87,48.71,
1613,27,21.88,46,37.27,223.64,5202.98,27,27,223.64,223.64,46,46,37.27,37.27,5202.98,5202.98,21.88,21.88,,,,27,223.64,46,37.27,5202.98,21.88,
1614,2,7.52,7,26.34,285.93,2840.48,2,2,285.93,285.93,7,7,26.34,26.34,2840.48,2840.48,7.52,7.52,,,,2,285.93,7,26.34,2840.48,7.52,
1615,31,155.61,1,5.02,476.86,3915.27,31,31,476.86,476.86,1,1,5.02,5.02,3915.27,3915.27,155.61,155.61,,,,31,476.86,1,5.02,3915.27,155.61,
1616,12,23.04,0,0,887.01,3202.46,12,12,887.01,887.01,0,0,0,0,3202.46,3202.46,23.04,23.04,,,,12,887.01,0,0,3202.46,23.04,
1617,70,69.06,39,38.48,1155.27,6390.96,70,70,1155.27,1155.27,39,39,38.48,38.48,6390.96,6390.96,69.06,69.06,,,,70,1155.27,39,38.48,6390.96,69.06,
1618,9,51.44,6,34.29,800.14,7898.5,9,9,800.14,800.14,6,6,34.29,34.29,7898.5,7898.5,51.44,51.44,,,,9,800.14,6,34.29,7898.5,51.44,
1619,13,38.41,18,53.18,499.32,4597.29,13,13,499.32,499.32,18,18,53.18,53.18,4597.29,4597.29,38.41,38.41,,,,13,499.32,18,53.18,4597.29,38.41,
1620,0,0,6,23.71,383.23,5637.86,0,0,383.23,383.23,6,6,23.71,23.71,5637.86,5637.86,0,0,,,,0,383.23,6,23.71,5637.86,0,
1621,5,13.5,16,43.19,89.07,879.92,5,5,89.07,89.07,16,16,43.19,43.19,879.92,879.92,13.5,13.5,,,,5,89.07,16,43.19,879.92,13.5,
1622,1,8.31,1,8.31,83.09,2908.18,1,1,83.09,83.09,1,1,8.31,8.31,2908.18,2908.18,8.31,8.31,,,,1,83.09,1,8.31,2908.18,8.31,
1623,NA,NA,32,26.63,NA,3595.71,0,53,223.06,441.95,32,32,26.63,26.63,3595.71,3595.71,0,28.06,,,,0,223.06,32,26.63,3595.71,0,
1624,NA,NA,5,16.49,NA,3432.7,0,0,223.06,333.66,5,5,16.49,16.49,3432.7,3432.7,0,48.08,,,,0,223.06,5,16.49,3432.7,0,
1625,0,0,0,0,107.37,1250.55,0,0,107.37,107.37,0,0,0,0,1250.55,1250.55,0,0,,,,0,107.37,0,0,1250.55,0,
1626,67,57.04,60,51.08,332.86,8062.76,67,67,332.86,332.86,60,60,51.08,51.08,8062.76,8062.76,57.04,57.04,,,,67,332.86,60,51.08,8062.76,57.04,
1627,5,20.24,2,8.1,113.34,2388.28,5,5,113.34,113.34,2,2,8.1,8.1,2388.28,2388.28,20.24,20.24,,,,5,113.34,2,8.1,2388.28,20.24,
1628,204,91.54,190,85.25,NA,6405.25,204,204,223.06,103.96,190,190,85.25,85.25,6405.25,6405.25,91.54,91.54,,,,204,223.06,190,85.25,6405.25,91.54,
1629,6,9.59,5,7.99,487.27,2789.45,6,6,487.27,487.27,5,5,7.99,7.99,2789.45,2789.45,9.59,9.59,,,,6,487.27,5,7.99,2789.45,9.59,
1630,19,24.08,0,0,1764.17,7210.03,19,19,1764.17,1764.17,0,0,0,0,7210.03,7210.03,24.08,24.08,,,,19,1764.17,0,0,7210.03,24.08,
1631,0,0,0,0,39.54,1333.11,0,0,39.54,39.54,0,0,0,0,1333.11,1333.11,0,0,,,,0,39.54,0,0,1333.11,0,
1632,15,15.47,21,21.65,408.3,3967.5,15,15,408.3,408.3,21,21,21.65,21.65,3967.5,3967.5,15.47,15.47,,,,15,408.3,21,21.65,3967.5,15.47,
1633,28,41.79,22,32.83,1707.41,5258.05,28,28,1707.41,1707.41,22,22,32.83,32.83,5258.05,5258.05,41.79,41.79,,,,28,1707.41,22,32.83,5258.05,41.79,
1634,1,6.66,0,0,106.6,2072.09,1,1,106.6,106.6,0,0,0,0,2072.09,2072.09,6.66,6.66,,,,1,106.6,0,0,2072.09,6.66,
1635,2,7.79,6,23.38,487.18,8375.56,2,2,487.18,487.18,6,6,23.38,23.38,8375.56,8375.56,7.79,7.79,,,,2,487.18,6,23.38,8375.56,7.79,
1636,NA,NA,7,21.11,NA,2907.82,0,2,223.06,128.51,7,7,21.11,21.11,2907.82,2907.82,0,66.74,,,,0,223.06,7,21.11,2907.82,0,
1637,NA,NA,11,34.34,NA,6318.29,0,2,223.06,611.64,11,11,34.34,34.34,6318.29,6318.29,0,8.07,,,,0,223.06,11,34.34,6318.29,0,
1638,15,84.15,0,0,297.32,3309.77,15,15,297.32,297.32,0,0,0,0,3309.77,3309.77,84.15,84.15,,,,15,297.32,0,0,3309.77,84.15,
1639,3,24.59,3,24.59,131.14,1786.74,3,3,131.14,131.14,3,3,24.59,24.59,1786.74,1786.74,24.59,24.59,,,,3,131.14,3,24.59,1786.74,24.59,
1640,4,28.68,NA,NA,759.91,NA,4,4,759.91,759.91,0,16,0,25.42,2246.14,5299.81,28.68,28.68,,,,4,759.91,0,0,2246.14,28.68,
1641,0,0,2,6.66,13.32,1248.38,0,0,13.32,13.32,2,2,6.66,6.66,1248.38,1248.38,0,0,,,,0,13.32,2,6.66,1248.38,0,
1642,23,63.31,7,19.27,231.23,2738.93,23,23,231.23,231.23,7,7,19.27,19.27,2738.93,2738.93,63.31,63.31,,,,23,231.23,7,19.27,2738.93,63.31,
1643,12,22.52,27,50.67,540.49,5887.21,12,12,540.49,540.49,27,27,50.67,50.67,5887.21,5887.21,22.52,22.52,,,,12,540.49,27,50.67,5887.21,22.52,
1644,18,28.63,10,15.9,1348.6,2899.17,18,18,1348.6,1348.6,10,10,15.9,15.9,2899.17,2899.17,28.63,28.63,,,,18,1348.6,10,15.9,2899.17,28.63,
1645,2,11.49,0,0,86.15,2940.5,2,2,86.15,86.15,0,0,0,0,2940.5,2940.5,11.49,11.49,,,,2,86.15,0,0,2940.5,11.49,
1646,3,15.02,0,0,70.12,1843.04,3,3,70.12,70.12,0,0,0,0,1843.04,1843.04,15.02,15.02,,,,3,70.12,0,0,1843.04,15.02,
1647,5,23,2,9.2,280.63,6817.87,5,5,280.63,280.63,2,2,9.2,9.2,6817.87,6817.87,23,23,,,,5,280.63,2,9.2,6817.87,23,
1648,15,55.29,6,22.11,449.67,4743.65,15,15,449.67,449.67,6,6,22.11,22.11,4743.65,4743.65,55.29,55.29,,,,15,449.67,6,22.11,4743.65,55.29,
1649,9,53.53,0,0,386.63,4490.84,9,9,386.63,386.63,0,0,0,0,4490.84,4490.84,53.53,53.53,,,,9,386.63,0,0,4490.84,53.53,
1650,29,43.04,4,5.94,978.02,3076.53,29,29,978.02,978.02,4,4,5.94,5.94,3076.53,3076.53,43.04,43.04,,,,29,978.02,4,5.94,3076.53,43.04,
1651,2,15.86,8,63.43,63.43,1791.94,2,2,63.43,63.43,8,8,63.43,63.43,1791.94,1791.94,15.86,15.86,,,,2,63.43,8,63.43,1791.94,15.86,
1652,7,44.69,6,38.31,434.14,6748.39,7,7,434.14,434.14,6,6,38.31,38.31,6748.39,6748.39,44.69,44.69,,,,7,434.14,6,38.31,6748.39,44.69,
1653,13,40.18,25,77.27,689.27,4280.9,13,13,689.27,689.27,25,25,77.27,77.27,4280.9,4280.9,40.18,40.18,,,,13,689.27,25,77.27,4280.9,40.18,
1654,41,58.15,56,79.42,694.91,4887.04,41,41,694.91,694.91,56,56,79.42,79.42,4887.04,4887.04,58.15,58.15,,,,41,694.91,56,79.42,4887.04,58.15,
1655,5,31.92,1,6.38,210.67,3255.87,5,5,210.67,210.67,1,1,6.38,6.38,3255.87,3255.87,31.92,31.92,,,,5,210.67,1,6.38,3255.87,31.92,
1656,39,40.39,59,61.11,798.57,8426.98,39,39,798.57,798.57,59,59,61.11,61.11,8426.98,8426.98,40.39,40.39,,,,39,798.57,59,61.11,8426.98,40.39,
1657,5,40.49,0,0,736.96,4186.91,5,5,736.96,736.96,0,0,0,0,4186.91,4186.91,40.49,40.49,,,,5,736.96,0,0,4186.91,40.49,
1658,30,25.56,42,35.78,473.71,4686.81,30,30,473.71,473.71,42,42,35.78,35.78,4686.81,4686.81,25.56,25.56,,,,30,473.71,42,35.78,4686.81,25.56,
1659,30,124.94,20,83.3,662.2,7933.86,30,30,662.2,662.2,20,20,83.3,83.3,7933.86,7933.86,124.94,124.94,,,,30,662.2,20,83.3,7933.86,124.94,
1660,3,18.31,7,42.72,463.84,5932.26,3,3,463.84,463.84,7,7,42.72,42.72,5932.26,5932.26,18.31,18.31,,,,3,463.84,7,42.72,5932.26,18.31,
1661,2,17.5,2,17.5,507.39,3927.92,2,2,507.39,507.39,2,2,17.5,17.5,3927.92,3927.92,17.5,17.5,,,,2,507.39,2,17.5,3927.92,17.5,
1662,17,45.33,9,24,391.99,5037.2,17,17,391.99,391.99,9,9,24,24,5037.2,5037.2,45.33,45.33,,,,17,391.99,9,24,5037.2,45.33,
1663,8,39.16,0,0,582.45,5599.33,8,8,582.45,582.45,0,0,0,0,5599.33,5599.33,39.16,39.16,,,,8,582.45,0,0,5599.33,39.16,
1664,8,77.15,3,28.93,298.97,5111.39,8,8,298.97,298.97,3,3,28.93,28.93,5111.39,5111.39,77.15,77.15,,,,8,298.97,3,28.93,5111.39,77.15,
1665,2,18.82,0,0,517.6,5458.31,2,2,517.6,517.6,0,0,0,0,5458.31,5458.31,18.82,18.82,,,,2,517.6,0,0,5458.31,18.82,
1666,12,40.05,14,46.73,874.44,6244.58,12,12,874.44,874.44,14,14,46.73,46.73,6244.58,6244.58,40.05,40.05,,,,12,874.44,14,46.73,6244.58,40.05,
1667,7,50.74,5,36.25,1790.5,10344.33,7,7,1790.5,1790.5,5,5,36.25,36.25,10344.33,10344.33,50.74,50.74,,,,7,1790.5,5,36.25,10344.33,50.74,
1668,5,37.02,3,22.21,651.61,2302.85,5,5,651.61,651.61,3,3,22.21,22.21,2302.85,2302.85,37.02,37.02,,,,5,651.61,3,22.21,2302.85,37.02,
1669,NA,NA,54,50.61,NA,5473.6,0,1,223.06,161.4,54,54,50.61,50.61,5473.6,5473.6,0,53.34,,,,0,223.06,54,50.61,5473.6,0,
1670,16,71.19,6,26.7,489.45,5753.31,16,16,489.45,489.45,6,6,26.7,26.7,5753.31,5753.31,71.19,71.19,,,,16,489.45,6,26.7,5753.31,71.19,
1671,8,14.29,4,7.15,778.93,3115.73,8,8,778.93,778.93,4,4,7.15,7.15,3115.73,3115.73,14.29,14.29,,,,8,778.93,4,7.15,3115.73,14.29,
1672,1,7.44,4,29.76,282.67,4202.93,1,1,282.67,282.67,4,4,29.76,29.76,4202.93,4202.93,7.44,7.44,,,,1,282.67,4,29.76,4202.93,7.44,
1673,23,67.88,13,38.37,1230.71,6658.21,23,23,1230.71,1230.71,13,13,38.37,38.37,6658.21,6658.21,67.88,67.88,,,,23,1230.71,13,38.37,6658.21,67.88,
1674,NA,NA,0,0,NA,1570.48,0,658,223.06,1477.94,0,0,0,0,1570.48,1570.48,0,37.68,,,,0,223.06,0,0,1570.48,0,
1675,0,0,0,0,186.22,1935.36,0,0,186.22,186.22,0,0,0,0,1935.36,1935.36,0,0,,,,0,186.22,0,0,1935.36,0,
1676,NA,NA,4,15.1,NA,6981.84,0,357,223.06,216.29,4,4,15.1,15.1,6981.84,6981.84,0,8.03,,,,0,223.06,4,15.1,6981.84,0,
1677,3,23.75,0,0,110.86,3436.53,3,3,110.86,110.86,0,0,0,0,3436.53,3436.53,23.75,23.75,,,,3,110.86,0,0,3436.53,23.75,
1678,31,26.87,24,20.8,340.63,4352.73,31,31,340.63,340.63,24,24,20.8,20.8,4352.73,4352.73,26.87,26.87,,,,31,340.63,24,20.8,4352.73,26.87,
1679,NA,NA,3,15.15,NA,5594.26,0,1,223.06,364.19,3,3,15.15,15.15,5594.26,5594.26,0,26.01,,,,0,223.06,3,15.15,5594.26,0,
1680,13,58.13,18,80.49,384.56,6255.87,13,13,384.56,384.56,18,18,80.49,80.49,6255.87,6255.87,58.13,58.13,,,,13,384.56,18,80.49,6255.87,58.13,
1681,NA,NA,3,13.23,NA,4933.64,0,6,223.06,487.28,3,3,13.23,13.23,4933.64,4933.64,0,14.32,,,,0,223.06,3,13.23,4933.64,0,
1682,NA,NA,17,19.62,NA,7928.05,0,62,223.06,1278.63,17,17,19.62,19.62,7928.05,7928.05,0,0,,,,0,223.06,17,19.62,7928.05,0,
1683,5,42.27,8,67.63,109.9,3998.65,5,5,109.9,109.9,8,8,67.63,67.63,3998.65,3998.65,42.27,42.27,,,,5,109.9,8,67.63,3998.65,42.27,
1684,NA,NA,4,28.24,NA,4250.51,0,0,223.06,1334.6,4,4,28.24,28.24,4250.51,4250.51,0,23.69,,,,0,223.06,4,28.24,4250.51,0,
1685,4,26,15,97.51,208.02,3737.89,4,4,208.02,208.02,15,15,97.51,97.51,3737.89,3737.89,26,26,,,,4,208.02,15,97.51,3737.89,26,
1686,11,105.34,1,9.58,1522.7,5420.42,11,11,1522.7,1522.7,1,1,9.58,9.58,5420.42,5420.42,105.34,105.34,,,,11,1522.7,1,9.58,5420.42,105.34,
1687,699,102.92,387,56.98,1681.08,8316.74,699,699,1681.08,1681.08,387,387,56.98,56.98,8316.74,8316.74,102.92,102.92,,,,699,1681.08,387,56.98,8316.74,102.92,
1688,5,26.01,1,5.2,62.43,1050.88,5,5,62.43,62.43,1,1,5.2,5.2,1050.88,1050.88,26.01,26.01,,,,5,62.43,1,5.2,1050.88,26.01,
1689,0,0,2,15.22,30.44,2184.17,0,0,30.44,30.44,2,2,15.22,15.22,2184.17,2184.17,0,0,,,,0,30.44,2,15.22,2184.17,0,
1690,7,36.51,1,5.22,323.35,1324.71,7,7,323.35,323.35,1,1,5.22,5.22,1324.71,1324.71,36.51,36.51,,,,7,323.35,1,5.22,1324.71,36.51,
1691,24,101.66,6,25.42,881.06,5900.54,24,24,881.06,881.06,6,6,25.42,25.42,5900.54,5900.54,101.66,101.66,,,,24,881.06,6,25.42,5900.54,101.66,
1692,14,14.81,6,6.35,579.84,3115.05,14,14,579.84,579.84,6,6,6.35,6.35,3115.05,3115.05,14.81,14.81,,,,14,579.84,6,6.35,3115.05,14.81,
1693,38,102.91,12,32.5,1700.7,5291.66,38,38,1700.7,1700.7,12,12,32.5,32.5,5291.66,5291.66,102.91,102.91,,,,38,1700.7,12,32.5,5291.66,102.91,
1694,4,24.24,12,72.73,1339.48,5630.64,4,4,1339.48,1339.48,12,12,72.73,72.73,5630.64,5630.64,24.24,24.24,,,,4,1339.48,12,72.73,5630.64,24.24,
1695,7,29,0,0,165.71,2158.42,7,7,165.71,165.71,0,0,0,0,2158.42,2158.42,29,29,,,,7,165.71,0,0,2158.42,29,
1696,3,19.29,NA,NA,527.37,NA,3,3,527.37,527.37,0,60,0,7.72,2246.14,5183.18,19.29,19.29,,,,3,527.37,0,0,2246.14,19.29,
1697,2,6.01,13,39.07,261.47,3849.97,2,2,261.47,261.47,13,13,39.07,39.07,3849.97,3849.97,6.01,6.01,,,,2,261.47,13,39.07,3849.97,6.01,
1698,6,18,3,9,300,7305.07,6,6,300,300,3,3,9,9,7305.07,7305.07,18,18,,,,6,300,3,9,7305.07,18,
1699,6,56.32,1,9.39,234.68,4881.25,6,6,234.68,234.68,1,1,9.39,9.39,4881.25,4881.25,56.32,56.32,,,,6,234.68,1,9.39,4881.25,56.32,
1700,14,72.81,0,0,462.84,3479.12,14,14,462.84,462.84,0,0,0,0,3479.12,3479.12,72.81,72.81,,,,14,462.84,0,0,3479.12,72.81,
1701,2,18.58,0,0,706.19,NA,2,2,706.19,706.19,0,0,0,0,2246.14,7502.41,18.58,18.58,,,,2,706.19,0,0,2246.14,18.58,
1702,25,92.51,6,22.2,1202.68,4888.43,25,25,1202.68,1202.68,6,6,22.2,22.2,4888.43,4888.43,92.51,92.51,,,,25,1202.68,6,22.2,4888.43,92.51,
1703,8,69.24,5,43.28,519.3,4102.48,8,8,519.3,519.3,5,5,43.28,43.28,4102.48,4102.48,69.24,69.24,,,,8,519.3,5,43.28,4102.48,69.24,
1704,5,16.06,10,32.11,253.7,2957.71,5,5,253.7,253.7,10,10,32.11,32.11,2957.71,2957.71,16.06,16.06,,,,5,253.7,10,32.11,2957.71,16.06,
1705,2,5.55,2,5.55,41.65,699.77,2,2,41.65,41.65,2,2,5.55,5.55,699.77,699.77,5.55,5.55,,,,2,41.65,2,5.55,699.77,5.55,
1706,NA,NA,23,173.47,NA,12994.95,0,39,223.06,173.64,23,23,173.47,173.47,12994.95,12994.95,0,26.63,,,,0,223.06,23,173.47,12994.95,0,
1707,6,43.37,NA,NA,686.71,NA,6,6,686.71,686.71,0,0,0,4.46,2246.14,4050.74,43.37,43.37,,,,6,686.71,0,0,2246.14,43.37,
1708,NA,NA,30,89.39,NA,5730.04,0,1,223.06,171.38,30,30,89.39,89.39,5730.04,5730.04,0,7.6,,,,0,223.06,30,89.39,5730.04,0,
1709,22,33.44,8,12.16,541.12,4865.48,22,22,541.12,541.12,8,8,12.16,12.16,4865.48,4865.48,33.44,33.44,,,,22,541.12,8,12.16,4865.48,33.44,
1710,20,31.37,79,123.9,611.64,4781.77,20,20,611.64,611.64,79,79,123.9,123.9,4781.77,4781.77,31.37,31.37,,,,20,611.64,79,123.9,4781.77,31.37,
1711,10,43.78,8,35.02,595.42,6348.23,10,10,595.42,595.42,8,8,35.02,35.02,6348.23,6348.23,43.78,43.78,,,,10,595.42,8,35.02,6348.23,43.78,
1712,11,29.78,16,43.31,343.81,5698.58,11,11,343.81,343.81,16,16,43.31,43.31,5698.58,5698.58,29.78,29.78,,,,11,343.81,16,43.31,5698.58,29.78,
1713,17,61.94,3,10.93,648.57,4693.02,17,17,648.57,648.57,3,3,10.93,10.93,4693.02,4693.02,61.94,61.94,,,,17,648.57,3,10.93,4693.02,61.94,
1714,37,104.21,13,36.62,543.6,3993.92,37,37,543.6,543.6,13,13,36.62,36.62,3993.92,3993.92,104.21,104.21,,,,37,543.6,13,36.62,3993.92,104.21,
1715,5,8.46,14,23.68,470.21,2417,5,5,470.21,470.21,14,14,23.68,23.68,2417,2417,8.46,8.46,,,,5,470.21,14,23.68,2417,8.46,
1716,6,49.62,0,0,272.91,5061.2,6,6,272.91,272.91,0,0,0,0,5061.2,5061.2,49.62,49.62,,,,6,272.91,0,0,5061.2,49.62,
1717,100,44.02,59,25.97,2017.65,6265.54,100,100,2017.65,2017.65,59,59,25.97,25.97,6265.54,6265.54,44.02,44.02,,,,100,2017.65,59,25.97,6265.54,44.02,
1718,0,0,NA,NA,399.17,NA,0,0,399.17,399.17,0,488,0,0,2246.14,4529.07,0,0,,,,0,399.17,0,0,2246.14,0,
1719,19,83.26,4,17.53,604.73,2502.19,19,19,604.73,604.73,4,4,17.53,17.53,2502.19,2502.19,83.26,83.26,,,,19,604.73,4,17.53,2502.19,83.26,
1720,10,42.04,7,29.43,870.26,7470.78,10,10,870.26,870.26,7,7,29.43,29.43,7470.78,7470.78,42.04,42.04,,,,10,870.26,7,29.43,7470.78,42.04,
1721,30,95.33,5,15.89,1404.47,7778.59,30,30,1404.47,1404.47,5,5,15.89,15.89,7778.59,7778.59,95.33,95.33,,,,30,1404.47,5,15.89,7778.59,95.33,
1722,11,21.66,22,43.33,145.74,5494.94,11,11,145.74,145.74,22,22,43.33,43.33,5494.94,5494.94,21.66,21.66,,,,11,145.74,22,43.33,5494.94,21.66,
1723,18,20.76,42,48.44,811.92,6709.88,18,18,811.92,811.92,42,42,48.44,48.44,6709.88,6709.88,20.76,20.76,,,,18,811.92,42,48.44,6709.88,20.76,
1724,120,80.01,NA,NA,NA,NA,120,120,223.06,300.04,0,1,0,45.9,2246.14,5782.44,80.01,80.01,,,,120,223.06,0,0,2246.14,80.01,
1725,62,84.62,20,27.3,631.89,6142.86,62,62,631.89,631.89,20,20,27.3,27.3,6142.86,6142.86,84.62,84.62,,,,62,631.89,20,27.3,6142.86,84.62,
1726,73,137.56,7,13.19,1164.57,5575.97,73,73,1164.57,1164.57,7,7,13.19,13.19,5575.97,5575.97,137.56,137.56,,,,73,1164.57,7,13.19,5575.97,137.56,
1727,1,8.06,3,24.18,56.43,1644.5,1,1,56.43,56.43,3,3,24.18,24.18,1644.5,1644.5,8.06,8.06,,,,1,56.43,3,24.18,1644.5,8.06,
1728,8,51.82,6,38.87,129.56,2617.09,8,8,129.56,129.56,6,6,38.87,38.87,2617.09,2617.09,51.82,51.82,,,,8,129.56,6,38.87,2617.09,51.82,
1729,2,13.55,4,27.11,291.41,1328.27,2,2,291.41,291.41,4,4,27.11,27.11,1328.27,1328.27,13.55,13.55,,,,2,291.41,4,27.11,1328.27,13.55,
1730,4,26.53,0,0,199,1247.1,4,4,199,199,0,0,0,0,1247.1,1247.1,26.53,26.53,,,,4,199,0,0,1247.1,26.53,
1731,NA,NA,15,74.39,NA,9427.69,0,20,223.06,978.02,15,15,74.39,74.39,9427.69,9427.69,0,61.59,,,,0,223.06,15,74.39,9427.69,0,
1732,NA,NA,10,18.37,NA,3443.14,0,0,223.06,267.96,10,10,18.37,18.37,3443.14,3443.14,0,30.86,,,,0,223.06,10,18.37,3443.14,0,
1733,3,19.94,0,0,471.89,3728.57,3,3,471.89,471.89,0,0,0,0,3728.57,3728.57,19.94,19.94,,,,3,471.89,0,0,3728.57,19.94,
1734,76,45.97,63,38.11,1421.42,14206.91,76,76,1421.42,1421.42,63,63,38.11,38.11,14206.91,14206.91,45.97,45.97,,,,76,1421.42,63,38.11,14206.91,45.97,
1735,6,54.18,1,9.03,460.5,3033.86,6,6,460.5,460.5,1,1,9.03,9.03,3033.86,3033.86,54.18,54.18,,,,6,460.5,1,9.03,3033.86,54.18,
1736,1,7.94,0,0,39.71,905.48,1,1,39.71,39.71,0,0,0,0,905.48,905.48,7.94,7.94,,,,1,39.71,0,0,905.48,7.94,
1737,5,24.57,NA,NA,761.6,NA,5,5,761.6,761.6,0,0,0,8.09,2246.14,5304.57,24.57,24.57,,,,5,761.6,0,0,2246.14,24.57,
1738,16,79.8,1,4.99,369.08,3451.37,16,16,369.08,369.08,1,1,4.99,4.99,3451.37,3451.37,79.8,79.8,,,,16,369.08,1,4.99,3451.37,79.8,
1739,2,15.41,6,46.24,208.06,2743.32,2,2,208.06,208.06,6,6,46.24,46.24,2743.32,2743.32,15.41,15.41,,,,2,208.06,6,46.24,2743.32,15.41,
1740,2,15.47,5,38.66,278.38,2938.45,2,2,278.38,278.38,5,5,38.66,38.66,2938.45,2938.45,15.47,15.47,,,,2,278.38,5,38.66,2938.45,15.47,
1741,11,39.04,8,28.4,330.1,5061.58,11,11,330.1,330.1,8,8,28.4,28.4,5061.58,5061.58,39.04,39.04,,,,11,330.1,8,28.4,5061.58,39.04,
1742,15,48.29,13,41.85,367.02,9848.36,15,15,367.02,367.02,13,13,41.85,41.85,9848.36,9848.36,48.29,48.29,,,,15,367.02,13,41.85,9848.36,48.29,
1743,1,4.44,1,4.44,248.69,1390,1,1,248.69,248.69,1,1,4.44,4.44,1390,1390,4.44,4.44,,,,1,248.69,1,4.44,1390,4.44,
1744,32,19.96,19,11.85,303.7,4036.62,32,32,303.7,303.7,19,19,11.85,11.85,4036.62,4036.62,19.96,19.96,,,,32,303.7,19,11.85,4036.62,19.96,
1745,13,30.27,11,25.61,221.18,3888.15,13,13,221.18,221.18,11,11,25.61,25.61,3888.15,3888.15,30.27,30.27,,,,13,221.18,11,25.61,3888.15,30.27,
1746,NA,NA,7,18.08,NA,4080.37,0,356,223.06,1573.82,7,7,18.08,18.08,4080.37,4080.37,0,42.31,,,,0,223.06,7,18.08,4080.37,0,
1747,3,27.2,2,18.13,1759,10952.94,3,3,1759,1759,2,2,18.13,18.13,10952.94,10952.94,27.2,27.2,,,,3,1759,2,18.13,10952.94,27.2,
1748,40,134.82,21,70.78,903.3,7624.12,40,40,903.3,903.3,21,21,70.78,70.78,7624.12,7624.12,134.82,134.82,,,,40,903.3,21,70.78,7624.12,134.82,
1749,NA,NA,3,5.59,NA,3048.42,0,9,223.06,933.19,3,3,5.59,5.59,3048.42,3048.42,0,137.13,,,,0,223.06,3,5.59,3048.42,0,
1750,19,98.34,23,119.05,2008.28,5983.44,19,19,2008.28,2008.28,23,23,119.05,119.05,5983.44,5983.44,98.34,98.34,,,,19,2008.28,23,119.05,5983.44,98.34,
1751,5,12.79,15,38.38,570.65,5849.84,5,5,570.65,570.65,15,15,38.38,38.38,5849.84,5849.84,12.79,12.79,,,,5,570.65,15,38.38,5849.84,12.79,
1752,2,7.18,2,7.18,82.59,2574.6,2,2,82.59,82.59,2,2,7.18,7.18,2574.6,2574.6,7.18,7.18,,,,2,82.59,2,7.18,2574.6,7.18,
1753,1,4.37,0,0,179.06,2166.22,1,1,179.06,179.06,0,0,0,0,2166.22,2166.22,4.37,4.37,,,,1,179.06,0,0,2166.22,4.37,
1754,16,45.73,7,20.01,1440.54,9049.08,16,16,1440.54,1440.54,7,7,20.01,20.01,9049.08,9049.08,45.73,45.73,,,,16,1440.54,7,20.01,9049.08,45.73,
1755,6,27.36,70,319.18,1199.22,7633.03,6,6,1199.22,1199.22,70,70,319.18,319.18,7633.03,7633.03,27.36,27.36,,,,6,1199.22,70,319.18,7633.03,27.36,
1756,13,22.8,16,28.06,270.09,2023.89,13,13,270.09,270.09,16,16,28.06,28.06,2023.89,2023.89,22.8,22.8,,,,13,270.09,16,28.06,2023.89,22.8,
1757,33,75.24,25,57,449.15,6313.13,33,33,449.15,449.15,25,25,57,57,6313.13,6313.13,75.24,75.24,,,,33,449.15,25,57,6313.13,75.24,
1758,1,4.61,0,0,115.14,2118.64,1,1,115.14,115.14,0,0,0,0,2118.64,2118.64,4.61,4.61,,,,1,115.14,0,0,2118.64,4.61,
1759,25,47.3,10,18.92,1275.11,9192.55,25,25,1275.11,1275.11,10,10,18.92,18.92,9192.55,9192.55,47.3,47.3,,,,25,1275.11,10,18.92,9192.55,47.3,
1760,4,33.47,3,25.1,1204.92,6827.88,4,4,1204.92,1204.92,3,3,25.1,25.1,6827.88,6827.88,33.47,33.47,,,,4,1204.92,3,25.1,6827.88,33.47,
1761,29,95.7,2,6.6,290.39,6771.38,29,29,290.39,290.39,2,2,6.6,6.6,6771.38,6771.38,95.7,95.7,,,,29,290.39,2,6.6,6771.38,95.7,
1762,18,35.26,9,17.63,284.04,5870.71,18,18,284.04,284.04,9,9,17.63,17.63,5870.71,5870.71,35.26,35.26,,,,18,284.04,9,17.63,5870.71,35.26,
1763,7,28.59,0,0,514.54,3540.51,7,7,514.54,514.54,0,0,0,0,3540.51,3540.51,28.59,28.59,,,,7,514.54,0,0,3540.51,28.59,
1764,0,0,1,4.35,69.59,1317.85,0,0,69.59,69.59,1,1,4.35,4.35,1317.85,1317.85,0,0,,,,0,69.59,1,4.35,1317.85,0,
1765,36,66.91,10,18.59,513,5817.74,36,36,513,513,10,10,18.59,18.59,5817.74,5817.74,66.91,66.91,,,,36,513,10,18.59,5817.74,66.91,
1766,29,99.5,NA,NA,816.58,NA,29,29,816.58,816.58,0,1,0,239.26,2246.14,5314.62,99.5,99.5,,,,29,816.58,0,0,2246.14,99.5,
1767,2,8.54,3,12.81,469.8,4317.93,2,2,469.8,469.8,3,3,12.81,12.81,4317.93,4317.93,8.54,8.54,,,,2,469.8,3,12.81,4317.93,8.54,
1768,19,69.44,10,36.55,694.37,4129.66,19,19,694.37,694.37,10,10,36.55,36.55,4129.66,4129.66,69.44,69.44,,,,19,694.37,10,36.55,4129.66,69.44,
1769,5,34.65,2,13.86,277.22,4809.76,5,5,277.22,277.22,2,2,13.86,13.86,4809.76,4809.76,34.65,34.65,,,,5,277.22,2,13.86,4809.76,34.65,
1770,14,72.84,13,67.63,239.32,6461.68,14,14,239.32,239.32,13,13,67.63,67.63,6461.68,6461.68,72.84,72.84,,,,14,239.32,13,67.63,6461.68,72.84,
1771,80,45.14,284,160.23,813.57,6641.13,80,80,813.57,813.57,284,284,160.23,160.23,6641.13,6641.13,45.14,45.14,,,,80,813.57,284,160.23,6641.13,45.14,
1772,11,70.29,0,0,632.63,4013.04,11,11,632.63,632.63,0,0,0,0,4013.04,4013.04,70.29,70.29,,,,11,632.63,0,0,4013.04,70.29,
1773,2,17.9,1,8.95,178.97,3319.91,2,2,178.97,178.97,1,1,8.95,8.95,3319.91,3319.91,17.9,17.9,,,,2,178.97,1,8.95,3319.91,17.9,
1774,56,92.81,60,99.44,1756.74,9363.76,56,56,1756.74,1756.74,60,60,99.44,99.44,9363.76,9363.76,92.81,92.81,,,,56,1756.74,60,99.44,9363.76,92.81,
1775,NA,NA,8,22.84,NA,7307.04,0,14,223.06,82.26,8,8,22.84,22.84,7307.04,7307.04,0,0,,,,0,223.06,8,22.84,7307.04,0,
1776,4,13.33,2,6.67,173.3,1753.04,4,4,173.3,173.3,2,2,6.67,6.67,1753.04,1753.04,13.33,13.33,,,,4,173.3,2,6.67,1753.04,13.33,
1777,NA,NA,0,0,NA,2173.78,0,4,223.06,1020.91,0,0,0,0,2173.78,2173.78,0,8.08,,,,0,223.06,0,0,2173.78,0,
1778,0,0,0,0,313.48,5919.23,0,0,313.48,313.48,0,0,0,0,5919.23,5919.23,0,0,,,,0,313.48,0,0,5919.23,0,
1779,20,23.97,27,32.36,433.92,3846.57,20,20,433.92,433.92,27,27,32.36,32.36,3846.57,3846.57,23.97,23.97,,,,20,433.92,27,32.36,3846.57,23.97,
1780,16,34.21,NA,NA,91.93,NA,16,16,91.93,91.93,0,3,0,28.53,2246.14,11671.52,34.21,34.21,,,,16,91.93,0,0,2246.14,34.21,
1781,7,61.15,7,61.15,602.73,14142.21,7,7,602.73,602.73,7,7,61.15,61.15,14142.21,14142.21,61.15,61.15,,,,7,602.73,7,61.15,14142.21,61.15,
1782,1,4.98,1,4.98,44.79,2662.35,1,1,44.79,44.79,1,1,4.98,4.98,2662.35,2662.35,4.98,4.98,,,,1,44.79,1,4.98,2662.35,4.98,
1783,2,7.39,NA,NA,491.54,NA,2,2,491.54,491.54,0,30,0,19.08,2246.14,5633.92,7.39,7.39,,,,2,491.54,0,0,2246.14,7.39,
1784,33,28.94,31,27.19,659.56,6668.42,33,33,659.56,659.56,31,31,27.19,27.19,6668.42,6668.42,28.94,28.94,,,,33,659.56,31,27.19,6668.42,28.94,
1785,7,66.54,0,0,1292.78,7813.69,7,7,1292.78,1292.78,0,0,0,0,7813.69,7813.69,66.54,66.54,,,,7,1292.78,0,0,7813.69,66.54,
1786,8,40.05,1,5.01,150.18,2432.92,8,8,150.18,150.18,1,1,5.01,5.01,2432.92,2432.92,40.05,40.05,,,,8,150.18,1,5.01,2432.92,40.05,
1787,8,25.22,5,15.76,349.87,2937.65,8,8,349.87,349.87,5,5,15.76,15.76,2937.65,2937.65,25.22,25.22,,,,8,349.87,5,15.76,2937.65,25.22,
1788,3,10.89,15,54.46,279.55,2508.71,3,3,279.55,279.55,15,15,54.46,54.46,2508.71,2508.71,10.89,10.89,,,,3,279.55,15,54.46,2508.71,10.89,
1789,30,241.06,11,88.39,739.25,8155.89,30,30,739.25,739.25,11,11,88.39,88.39,8155.89,8155.89,241.06,241.06,,,,30,739.25,11,88.39,8155.89,241.06,
1790,7,47.46,0,0,284.75,8922.03,7,7,284.75,284.75,0,0,0,0,8922.03,8922.03,47.46,47.46,,,,7,284.75,0,0,8922.03,47.46,
1791,42,33.1,21,16.55,822.7,8282.9,42,42,822.7,822.7,21,21,16.55,16.55,8282.9,8282.9,33.1,33.1,,,,42,822.7,21,16.55,8282.9,33.1,
1792,226,63.7,335,94.42,1262.47,6896.95,226,226,1262.47,1262.47,335,335,94.42,94.42,6896.95,6896.95,63.7,63.7,,,,226,1262.47,335,94.42,6896.95,63.7,
1793,3,11.68,2,7.79,210.28,2675.23,3,3,210.28,210.28,2,2,7.79,7.79,2675.23,2675.23,11.68,11.68,,,,3,210.28,2,7.79,2675.23,11.68,
1794,5,22.75,0,0,464.08,5286.86,5,5,464.08,464.08,0,0,0,0,5286.86,5286.86,22.75,22.75,,,,5,464.08,0,0,5286.86,22.75,
1795,3,21.27,0,0,42.54,843.73,3,3,42.54,42.54,0,0,0,0,843.73,843.73,21.27,21.27,,,,3,42.54,0,0,843.73,21.27,
1796,8,10.75,5,6.72,205.68,3085.26,8,8,205.68,205.68,5,5,6.72,6.72,3085.26,3085.26,10.75,10.75,,,,8,205.68,5,6.72,3085.26,10.75,
1797,14,28.86,1,2.06,896.83,3195.61,14,14,896.83,896.83,1,1,2.06,2.06,3195.61,3195.61,28.86,28.86,,,,14,896.83,1,2.06,3195.61,28.86,
1798,68,67.05,27,26.62,383.57,4344.48,68,68,383.57,383.57,27,27,26.62,26.62,4344.48,4344.48,67.05,67.05,,,,68,383.57,27,26.62,4344.48,67.05,
1799,8,42.98,1,5.37,75.22,3771.56,8,8,75.22,75.22,1,1,5.37,5.37,3771.56,3771.56,42.98,42.98,,,,8,75.22,1,5.37,3771.56,42.98,
1800,10,19.13,10,19.13,1262.31,3798.41,10,10,1262.31,1262.31,10,10,19.13,19.13,3798.41,3798.41,19.13,19.13,,,,10,1262.31,10,19.13,3798.41,19.13,
1801,5,28.98,12,69.55,144.9,5633.8,5,5,144.9,144.9,12,12,69.55,69.55,5633.8,5633.8,28.98,28.98,,,,5,144.9,12,69.55,5633.8,28.98,
1802,2,18.16,1,9.08,1425.33,9568.77,2,2,1425.33,1425.33,1,1,9.08,9.08,9568.77,9568.77,18.16,18.16,,,,2,1425.33,1,9.08,9568.77,18.16,
1803,27,91.2,2,6.76,1607.89,13200.92,27,27,1607.89,1607.89,2,2,6.76,6.76,13200.92,13200.92,91.2,91.2,,,,27,1607.89,2,6.76,13200.92,91.2,
1804,6,31.78,0,0,121.81,6164.6,6,6,121.81,121.81,0,0,0,0,6164.6,6164.6,31.78,31.78,,,,6,121.81,0,0,6164.6,31.78,
1805,4,17.59,7,30.78,567.16,5355.02,4,4,567.16,567.16,7,7,30.78,30.78,5355.02,5355.02,17.59,17.59,,,,4,567.16,7,30.78,5355.02,17.59,
1806,62,401.35,44,284.83,627.91,6194.98,62,62,627.91,627.91,44,44,284.83,284.83,6194.98,6194.98,401.35,401.35,,,,62,627.91,44,284.83,6194.98,401.35,
1807,2,7.7,0,0,69.34,1032.44,2,2,69.34,69.34,0,0,0,0,1032.44,1032.44,7.7,7.7,,,,2,69.34,0,0,1032.44,7.7,
1808,19,93.42,11,54.09,2586.29,5575.77,19,19,2586.29,2586.29,11,11,54.09,54.09,5575.77,5575.77,93.42,93.42,,,,19,2586.29,11,54.09,5575.77,93.42,
1809,1,8.41,0,0,235.59,3474.97,1,1,235.59,235.59,0,0,0,0,3474.97,3474.97,8.41,8.41,,,,1,235.59,0,0,3474.97,8.41,
1810,NA,NA,27,35.04,NA,6241.16,0,3,223.06,1280.84,27,27,35.04,35.04,6241.16,6241.16,0,0,,,,0,223.06,27,35.04,6241.16,0,
1811,5,20.95,7,29.32,180.13,2836.08,5,5,180.13,180.13,7,7,29.32,29.32,2836.08,2836.08,20.95,20.95,,,,5,180.13,7,29.32,2836.08,20.95,
1812,54,70.24,29,37.72,2682.28,11058.21,54,54,2682.28,2682.28,29,29,37.72,37.72,11058.21,11058.21,70.24,70.24,,,,54,2682.28,29,37.72,11058.21,70.24,
1813,0,0,0,0,16.92,516.16,0,0,16.92,16.92,0,0,0,0,516.16,516.16,0,0,,,,0,16.92,0,0,516.16,0,
1814,1,5.88,0,0,94.15,1253.38,1,1,94.15,94.15,0,0,0,0,1253.38,1253.38,5.88,5.88,,,,1,94.15,0,0,1253.38,5.88,
1815,9,56.93,9,56.93,929.91,4067.56,9,9,929.91,929.91,9,9,56.93,56.93,4067.56,4067.56,56.93,56.93,,,,9,929.91,9,56.93,4067.56,56.93,
1816,5,22.79,2,9.11,350.93,5660.38,5,5,350.93,350.93,2,2,9.11,9.11,5660.38,5660.38,22.79,22.79,,,,5,350.93,2,9.11,5660.38,22.79,
1817,116,151.12,60,78.17,530.22,7817.87,116,116,530.22,530.22,60,60,78.17,78.17,7817.87,7817.87,151.12,151.12,,,,116,530.22,60,78.17,7817.87,151.12,
1818,17,28.13,29,47.99,316.1,5085.73,17,17,316.1,316.1,29,29,47.99,47.99,5085.73,5085.73,28.13,28.13,,,,17,316.1,29,47.99,5085.73,28.13,
1819,9,77.47,0,0,421.76,4484.42,9,9,421.76,421.76,0,0,0,0,4484.42,4484.42,77.47,77.47,,,,9,421.76,0,0,4484.42,77.47,
1820,3,17.24,NA,NA,137.94,NA,3,3,137.94,137.94,0,21,0,0,2246.14,2242.52,17.24,17.24,,,,3,137.94,0,0,2246.14,17.24,
1821,1,8.03,3,24.1,216.87,3935.74,1,1,216.87,216.87,3,3,24.1,24.1,3935.74,3935.74,8.03,8.03,,,,1,216.87,3,24.1,3935.74,8.03,
1822,0,0,0,0,54.25,2242.31,0,0,54.25,54.25,0,0,0,0,2242.31,2242.31,0,0,,,,0,54.25,0,0,2242.31,0,
1823,89,52.93,69,41.04,671.46,7617.37,89,89,671.46,671.46,69,69,41.04,41.04,7617.37,7617.37,52.93,52.93,,,,89,671.46,69,41.04,7617.37,52.93,
1824,18,24.68,7,9.6,309.84,3644.04,18,18,309.84,309.84,7,7,9.6,9.6,3644.04,3644.04,24.68,24.68,,,,18,309.84,7,9.6,3644.04,24.68,
1825,15,36.19,18,43.43,1095.4,6878.83,15,15,1095.4,1095.4,18,18,43.43,43.43,6878.83,6878.83,36.19,36.19,,,,15,1095.4,18,43.43,6878.83,36.19,
1826,5,11.07,NA,NA,106.23,NA,5,5,106.23,106.23,0,21,0,67.26,2246.14,5790.44,11.07,11.07,,,,5,106.23,0,0,2246.14,11.07,
1827,0,0,NA,NA,123.33,NA,0,0,123.33,123.33,0,14,0,32.97,2246.14,3673.66,0,0,,,,0,123.33,0,0,2246.14,0,
1828,NA,NA,2,7.51,NA,4012.32,0,2,223.06,77.05,2,2,7.51,7.51,4012.32,4012.32,0,33.78,,,,0,223.06,2,7.51,4012.32,0,
1829,0,0,0,0,23.52,2014.66,0,0,23.52,23.52,0,0,0,0,2014.66,2014.66,0,0,,,,0,23.52,0,0,2014.66,0,
1830,33,22.19,65,43.71,616.67,5849.28,33,33,616.67,616.67,65,65,43.71,43.71,5849.28,5849.28,22.19,22.19,,,,33,616.67,65,43.71,5849.28,22.19,
1831,0,0,5,14.31,88.7,2500.79,0,0,88.7,88.7,5,5,14.31,14.31,2500.79,2500.79,0,0,,,,0,88.7,5,14.31,2500.79,0,
1832,7,30.29,4,17.31,1129.23,4274.65,7,7,1129.23,1129.23,4,4,17.31,17.31,4274.65,4274.65,30.29,30.29,,,,7,1129.23,4,17.31,4274.65,30.29,
1833,2,6.85,1,3.43,58.23,1791.46,2,2,58.23,58.23,1,1,3.43,3.43,1791.46,1791.46,6.85,6.85,,,,2,58.23,1,3.43,1791.46,6.85,
1834,20,74.91,9,33.71,1292.18,5775.5,20,20,1292.18,1292.18,9,9,33.71,33.71,5775.5,5775.5,74.91,74.91,,,,20,1292.18,9,33.71,5775.5,74.91,
1835,25,105.16,21,88.33,1013.71,9245.39,25,25,1013.71,1013.71,21,21,88.33,88.33,9245.39,9245.39,105.16,105.16,,,,25,1013.71,21,88.33,9245.39,105.16,
1836,9,29.15,1,3.24,103.65,2753.13,9,9,103.65,103.65,1,1,3.24,3.24,2753.13,2753.13,29.15,29.15,,,,9,103.65,1,3.24,2753.13,29.15,
1837,157,70.17,132,58.99,1564.23,9600.36,157,157,1564.23,1564.23,132,132,58.99,58.99,9600.36,9600.36,70.17,70.17,,,,157,1564.23,132,58.99,9600.36,70.17,
1838,2,15.23,3,22.84,91.37,3114.06,2,2,91.37,91.37,3,3,22.84,22.84,3114.06,3114.06,15.23,15.23,,,,2,91.37,3,22.84,3114.06,15.23,
1839,NA,NA,6,25.69,NA,6252.41,0,0,223.06,587.55,6,6,25.69,25.69,6252.41,6252.41,0,20.8,,,,0,223.06,6,25.69,6252.41,0,
1840,3,23.56,0,0,125.67,2599.75,3,3,125.67,125.67,0,0,0,0,2599.75,2599.75,23.56,23.56,,,,3,125.67,0,0,2599.75,23.56,
1841,NA,NA,3,29.26,NA,4827.86,0,12,223.06,626.09,3,3,29.26,29.26,4827.86,4827.86,0,5.97,,,,0,223.06,3,29.26,4827.86,0,
1842,6,33.46,0,0,786.35,6424.63,6,6,786.35,786.35,0,0,0,0,6424.63,6424.63,33.46,33.46,,,,6,786.35,0,0,6424.63,33.46,
1843,14,44.51,15,47.69,438.76,5118.91,14,14,438.76,438.76,15,15,47.69,47.69,5118.91,5118.91,44.51,44.51,,,,14,438.76,15,47.69,5118.91,44.51,
1844,14,50.32,1,3.59,747.58,6954.68,14,14,747.58,747.58,1,1,3.59,3.59,6954.68,6954.68,50.32,50.32,,,,14,747.58,1,3.59,6954.68,50.32,
1845,2,10.61,NA,NA,556.88,NA,2,2,556.88,556.88,0,1,0,7.23,2246.14,4561.76,10.61,10.61,,,,2,556.88,0,0,2246.14,10.61,
1846,6,30.84,0,0,128.51,4467.18,6,6,128.51,128.51,0,0,0,0,4467.18,4467.18,30.84,30.84,,,,6,128.51,0,0,4467.18,30.84,
1847,3,14.23,0,0,284.54,4599.99,3,3,284.54,284.54,0,0,0,0,4599.99,4599.99,14.23,14.23,,,,3,284.54,0,0,4599.99,14.23,
1848,NA,NA,NA,NA,NA,NA,0,1,223.06,82.38,0,19,0,32.95,2246.14,4225.28,0,18.32,,,,0,223.06,0,0,2246.14,0,
1849,25,91.39,38,138.92,1089.42,10956.35,25,25,1089.42,1089.42,38,38,138.92,138.92,10956.35,10956.35,91.39,91.39,,,,25,1089.42,38,138.92,10956.35,91.39,
1850,26,22.23,33,28.22,624.28,6481.43,26,26,624.28,624.28,33,33,28.22,28.22,6481.43,6481.43,22.23,22.23,,,,26,624.28,33,28.22,6481.43,22.23,
1851,2,16.32,1,8.16,620.31,10218.74,2,2,620.31,620.31,1,1,8.16,8.16,10218.74,10218.74,16.32,16.32,,,,2,620.31,1,8.16,10218.74,16.32,
1852,5,32.85,6,39.41,696.31,3461.87,5,5,696.31,696.31,6,6,39.41,39.41,3461.87,3461.87,32.85,32.85,,,,5,696.31,6,39.41,3461.87,32.85,
1853,1,7.34,0,0,161.4,4152.3,1,1,161.4,161.4,0,0,0,0,4152.3,4152.3,7.34,7.34,,,,1,161.4,0,0,4152.3,7.34,
1854,7,46.03,0,0,618.06,5799.2,7,7,618.06,618.06,0,0,0,0,5799.2,5799.2,46.03,46.03,,,,7,618.06,0,0,5799.2,46.03,
1855,3,11.97,12,47.89,243.44,3412.22,3,3,243.44,243.44,12,12,47.89,47.89,3412.22,3412.22,11.97,11.97,,,,3,243.44,12,47.89,3412.22,11.97,
1856,9,20.38,8,18.12,140.42,1929.7,9,9,140.42,140.42,8,8,18.12,18.12,1929.7,1929.7,20.38,20.38,,,,9,140.42,8,18.12,1929.7,20.38,
1857,13,70.22,12,64.82,1199.16,8097.01,13,13,1199.16,1199.16,12,12,64.82,64.82,8097.01,8097.01,70.22,70.22,,,,13,1199.16,12,64.82,8097.01,70.22,
1858,70,24.69,74,26.1,NA,5913.55,70,70,223.06,807,74,74,26.1,26.1,5913.55,5913.55,24.69,24.69,,,,70,223.06,74,26.1,5913.55,24.69,
1859,2,4.87,4,9.74,233.77,3284.96,2,2,233.77,233.77,4,4,9.74,9.74,3284.96,3284.96,4.87,4.87,,,,2,233.77,4,9.74,3284.96,4.87,
1860,4,15.65,1,3.91,66.52,2246.14,4,4,66.52,66.52,1,1,3.91,3.91,2246.14,2246.14,15.65,15.65,,,,4,66.52,1,3.91,2246.14,15.65,
1861,20,38.12,26,49.55,1964.89,5359.15,20,20,1964.89,1964.89,26,26,49.55,49.55,5359.15,5359.15,38.12,38.12,,,,20,1964.89,26,49.55,5359.15,38.12,
1862,1,4.83,0,0,521.89,3682.23,1,1,521.89,521.89,0,0,0,0,3682.23,3682.23,4.83,4.83,,,,1,521.89,0,0,3682.23,4.83,
1863,2,13.22,8,52.87,455.99,5075.34,2,2,455.99,455.99,8,8,52.87,52.87,5075.34,5075.34,13.22,13.22,,,,2,455.99,8,52.87,5075.34,13.22,
1864,NA,NA,8,17.04,NA,3814.37,0,100,223.06,1432.56,8,8,17.04,17.04,3814.37,3814.37,0,0,,,,0,223.06,8,17.04,3814.37,0,
1865,2,9.84,1,4.92,142.71,3110.08,2,2,142.71,142.71,1,1,4.92,4.92,3110.08,3110.08,9.84,9.84,,,,2,142.71,1,4.92,3110.08,9.84,
1866,15,73.38,1,4.89,816.99,2739.59,15,15,816.99,816.99,1,1,4.89,4.89,2739.59,2739.59,73.38,73.38,,,,15,816.99,1,4.89,2739.59,73.38,
1867,1,4.05,3,12.14,24.29,2724.37,1,1,24.29,24.29,3,3,12.14,12.14,2724.37,2724.37,4.05,4.05,,,,1,24.29,3,12.14,2724.37,4.05,
1868,2,11.69,1,5.85,105.23,5092.08,2,2,105.23,105.23,1,1,5.85,5.85,5092.08,5092.08,11.69,11.69,,,,2,105.23,1,5.85,5092.08,11.69,
1869,26,124.57,3,14.37,210.81,5442.7,26,26,210.81,210.81,3,3,14.37,14.37,5442.7,5442.7,124.57,124.57,,,,26,210.81,3,14.37,5442.7,124.57,
1870,NA,NA,19,76.83,NA,3881.77,0,517,223.06,1002.66,19,19,76.83,76.83,3881.77,3881.77,0,0,,,,0,223.06,19,76.83,3881.77,0,
1871,0,0,5,48.87,87.96,2238.08,0,0,87.96,87.96,5,5,48.87,48.87,2238.08,2238.08,0,0,,,,0,87.96,5,48.87,2238.08,0,
1872,10,22.04,16,35.26,315.14,2781.21,10,10,315.14,315.14,16,16,35.26,35.26,2781.21,2781.21,22.04,22.04,,,,10,315.14,16,35.26,2781.21,22.04,
1873,14,37.13,3,7.96,230.76,5660.33,14,14,230.76,230.76,3,3,7.96,7.96,5660.33,5660.33,37.13,37.13,,,,14,230.76,3,7.96,5660.33,37.13,
1874,31,24,73,56.52,493.93,5650.82,31,31,493.93,493.93,73,73,56.52,56.52,5650.82,5650.82,24,24,,,,31,493.93,73,56.52,5650.82,24,
1875,204,53.87,267,70.5,3829.21,14679.18,204,204,3829.21,3829.21,267,267,70.5,70.5,14679.18,14679.18,53.87,53.87,,,,204,3829.21,267,70.5,14679.18,53.87,
1876,2,7.16,2,7.16,89.44,1595.59,2,2,89.44,89.44,2,2,7.16,7.16,1595.59,1595.59,7.16,7.16,,,,2,89.44,2,7.16,1595.59,7.16,
1877,4,26.79,0,0,428.64,2913.4,4,4,428.64,428.64,0,0,0,0,2913.4,2913.4,26.79,26.79,,,,4,428.64,0,0,2913.4,26.79,
1878,12,60.69,1,5.06,900.31,8203.94,12,12,900.31,900.31,1,1,5.06,5.06,8203.94,8203.94,60.69,60.69,,,,12,900.31,1,5.06,8203.94,60.69,
1879,5,25.98,3,15.59,592.36,NA,5,5,592.36,592.36,3,3,15.59,15.59,2246.14,6141.39,25.98,25.98,,,,5,592.36,3,15.59,2246.14,25.98,
1880,11,63.79,0,0,133.38,4662.49,11,11,133.38,133.38,0,0,0,0,4662.49,4662.49,63.79,63.79,,,,11,133.38,0,0,4662.49,63.79,
1881,6,50.6,3,25.3,1054.23,4301.26,6,6,1054.23,1054.23,3,3,25.3,25.3,4301.26,4301.26,50.6,50.6,,,,6,1054.23,3,25.3,4301.26,50.6,
1882,1,5.82,0,0,232.83,2741.56,1,1,232.83,232.83,0,0,0,0,2741.56,2741.56,5.82,5.82,,,,1,232.83,0,0,2741.56,5.82,
1883,4,32.78,0,0,450.75,4179.64,4,4,450.75,450.75,0,0,0,0,4179.64,4179.64,32.78,32.78,,,,4,450.75,0,0,4179.64,32.78,
1884,259,61.71,231,55.04,1595.37,7757.66,259,259,1595.37,1595.37,231,231,55.04,55.04,7757.66,7757.66,61.71,61.71,,,,259,1595.37,231,55.04,7757.66,61.71,
1885,1,3.51,3,10.52,343.74,6674.85,1,1,343.74,343.74,3,3,10.52,10.52,6674.85,6674.85,3.51,3.51,,,,1,343.74,3,10.52,6674.85,3.51,
1886,2,7.57,0,0,15.14,969,2,2,15.14,15.14,0,0,0,0,969,969,7.57,7.57,,,,2,15.14,0,0,969,7.57,
1887,8,51.52,4,25.76,399.28,7702.22,8,8,399.28,399.28,4,4,25.76,25.76,7702.22,7702.22,51.52,51.52,,,,8,399.28,4,25.76,7702.22,51.52,
1888,21,37.73,27,48.51,551.55,4895.71,21,21,551.55,551.55,27,27,48.51,48.51,4895.71,4895.71,37.73,37.73,,,,21,551.55,27,48.51,4895.71,37.73,
1889,17,70.81,NA,NA,2728.14,NA,17,17,2728.14,2728.14,0,12,0,67.91,2246.14,1992.98,70.81,70.81,,,,17,2728.14,0,0,2246.14,70.81,
1890,5,11.73,3,7.04,220.58,4878.56,5,5,220.58,220.58,3,3,7.04,7.04,4878.56,4878.56,11.73,11.73,,,,5,220.58,3,7.04,4878.56,11.73,
1891,2,9.15,0,0,64.07,3198.79,2,2,64.07,64.07,0,0,0,0,3198.79,3198.79,9.15,9.15,,,,2,64.07,0,0,3198.79,9.15,
1892,11,22.09,10,20.08,148.57,2640.19,11,11,148.57,148.57,10,10,20.08,20.08,2640.19,2640.19,22.09,22.09,,,,11,148.57,10,20.08,2640.19,22.09,
1893,4,9.08,8,18.16,324.61,1602.62,4,4,324.61,324.61,8,8,18.16,18.16,1602.62,1602.62,9.08,9.08,,,,4,324.61,8,18.16,1602.62,9.08,
1894,2,16.96,3,25.43,1305.64,8707.08,2,2,1305.64,1305.64,3,3,25.43,25.43,8707.08,8707.08,16.96,16.96,,,,2,1305.64,3,25.43,8707.08,16.96,
1895,27,198.34,2,14.69,286.49,4121.06,27,27,286.49,286.49,2,2,14.69,14.69,4121.06,4121.06,198.34,198.34,,,,27,286.49,2,14.69,4121.06,198.34,
1896,43,81.59,40,75.9,865.28,7464.9,43,43,865.28,865.28,40,40,75.9,75.9,7464.9,7464.9,81.59,81.59,,,,43,865.28,40,75.9,7464.9,81.59,
1897,28,62.19,16,35.54,1576.9,6603,28,28,1576.9,1576.9,16,16,35.54,35.54,6603,6603,62.19,62.19,,,,28,1576.9,16,35.54,6603,62.19,
1898,12,65.41,2,10.9,981.19,4175.52,12,12,981.19,981.19,2,2,10.9,10.9,4175.52,4175.52,65.41,65.41,,,,12,981.19,2,10.9,4175.52,65.41,
1899,2,12.18,0,0,541.89,2179.74,2,2,541.89,541.89,0,0,0,0,2179.74,2179.74,12.18,12.18,,,,2,541.89,0,0,2179.74,12.18,
1900,11,48.26,6,26.33,710.78,6471.57,11,11,710.78,710.78,6,6,26.33,26.33,6471.57,6471.57,48.26,48.26,,,,11,710.78,6,26.33,6471.57,48.26,
1901,7,20.65,11,32.44,542.71,2498.23,7,7,542.71,542.71,11,11,32.44,32.44,2498.23,2498.23,20.65,20.65,,,,7,542.71,11,32.44,2498.23,20.65,
1902,1,7.66,1,7.66,214.53,1126.26,1,1,214.53,214.53,1,1,7.66,7.66,1126.26,1126.26,7.66,7.66,,,,1,214.53,1,7.66,1126.26,7.66,
1903,NA,NA,11,66.37,NA,11179.49,0,0,223.06,27.66,11,11,66.37,66.37,11179.49,11179.49,0,56.2,,,,0,223.06,11,66.37,11179.49,0,
1904,2,17.09,9,76.9,76.9,1649.15,2,2,76.9,76.9,9,9,76.9,76.9,1649.15,1649.15,17.09,17.09,,,,2,76.9,9,76.9,1649.15,17.09,
1905,9,75.37,3,25.12,108.87,2068.5,9,9,108.87,108.87,3,3,25.12,25.12,2068.5,2068.5,75.37,75.37,,,,9,108.87,3,25.12,2068.5,75.37,
1906,3,21.85,3,21.85,276.81,27119.76,3,3,276.81,276.81,3,3,21.85,21.85,27119.76,27119.76,21.85,21.85,,,,3,276.81,3,21.85,27119.76,21.85,
1907,0,0,1,7.44,141.44,2590.64,0,0,141.44,141.44,1,1,7.44,7.44,2590.64,2590.64,0,0,,,,0,141.44,1,7.44,2590.64,0,
1908,1,9.48,1,9.48,237.1,1602.81,1,1,237.1,237.1,1,1,9.48,9.48,1602.81,1602.81,9.48,9.48,,,,1,237.1,1,9.48,1602.81,9.48,
1909,10,21.66,2,4.33,223.06,3101.18,10,10,223.06,223.06,2,2,4.33,4.33,3101.18,3101.18,21.66,21.66,,,,10,223.06,2,4.33,3101.18,21.66,
1910,12,30.18,21,52.81,809.72,5856.61,12,12,809.72,809.72,21,21,52.81,52.81,5856.61,5856.61,30.18,30.18,,,,12,809.72,21,52.81,5856.61,30.18,
1911,2,14.87,2,14.87,208.13,2921.28,2,2,208.13,208.13,2,2,14.87,14.87,2921.28,2921.28,14.87,14.87,,,,2,208.13,2,14.87,2921.28,14.87,
1912,21,17.47,49,40.77,249.62,3942.26,21,21,249.62,249.62,49,49,40.77,40.77,3942.26,3942.26,17.47,17.47,,,,21,249.62,49,40.77,3942.26,17.47,
1913,53,98.08,25,46.26,1622.96,10389.18,53,53,1622.96,1622.96,25,25,46.26,46.26,10389.18,10389.18,98.08,98.08,,,,53,1622.96,25,46.26,10389.18,98.08,
1914,1,5.35,6,32.1,80.24,2086.23,1,1,80.24,80.24,6,6,32.1,32.1,2086.23,2086.23,5.35,5.35,,,,1,80.24,6,32.1,2086.23,5.35,
1915,29,18.38,23,14.58,251.6,5041.57,29,29,251.6,251.6,23,23,14.58,14.58,5041.57,5041.57,18.38,18.38,,,,29,251.6,23,14.58,5041.57,18.38,
1916,0,0,2,15.03,112.75,2322.61,0,0,112.75,112.75,2,2,15.03,15.03,2322.61,2322.61,0,0,,,,0,112.75,2,15.03,2322.61,0,
1917,83,84.72,26,26.54,457.27,5078.95,83,83,457.27,457.27,26,26,26.54,26.54,5078.95,5078.95,84.72,84.72,,,,83,457.27,26,26.54,5078.95,84.72,
1918,6,23.44,11,42.98,269.6,4821.63,6,6,269.6,269.6,11,11,42.98,42.98,4821.63,4821.63,23.44,23.44,,,,6,269.6,11,42.98,4821.63,23.44,
1919,4,27.11,0,0,81.34,3280.91,4,4,81.34,81.34,0,0,0,0,3280.91,3280.91,27.11,27.11,,,,4,81.34,0,0,3280.91,27.11,
1920,0,0,6,16.65,302.47,5236.28,0,0,302.47,302.47,6,6,16.65,16.65,5236.28,5236.28,0,0,,,,0,302.47,6,16.65,5236.28,0,
1921,3,22.62,0,0,173.4,4704.46,3,3,173.4,173.4,0,0,0,0,4704.46,4704.46,22.62,22.62,,,,3,173.4,0,0,4704.46,22.62,
1922,5,31.05,0,0,93.16,3421.94,5,5,93.16,93.16,0,0,0,0,3421.94,3421.94,31.05,31.05,,,,5,93.16,0,0,3421.94,31.05,
1923,12,60.65,12,60.65,161.73,6135.65,12,12,161.73,161.73,12,12,60.65,60.65,6135.65,6135.65,60.65,60.65,,,,12,161.73,12,60.65,6135.65,60.65,
1924,3,18.07,6,36.14,554.08,3860.52,3,3,554.08,554.08,6,6,36.14,36.14,3860.52,3860.52,18.07,18.07,,,,3,554.08,6,36.14,3860.52,18.07,
1925,19,60.12,9,28.48,461.98,4768.53,19,19,461.98,461.98,9,9,28.48,28.48,4768.53,4768.53,60.12,60.12,,,,19,461.98,9,28.48,4768.53,60.12,
1926,2,10.23,1,5.11,659.78,3145.46,2,2,659.78,659.78,1,1,5.11,5.11,3145.46,3145.46,10.23,10.23,,,,2,659.78,1,5.11,3145.46,10.23,
1927,0,0,3,14.22,28.45,1858.44,0,0,28.45,28.45,3,3,14.22,14.22,1858.44,1858.44,0,0,,,,0,28.45,3,14.22,1858.44,0,
1928,5,25.04,6,30.05,661.06,8268.23,5,5,661.06,661.06,6,6,30.05,30.05,8268.23,8268.23,25.04,25.04,,,,5,661.06,6,30.05,8268.23,25.04,
1929,9,62.91,3,20.97,692.02,5647.98,9,9,692.02,692.02,3,3,20.97,20.97,5647.98,5647.98,62.91,62.91,,,,9,692.02,3,20.97,5647.98,62.91,
1930,12,30.97,17,43.88,957.64,4811.44,12,12,957.64,957.64,17,17,43.88,43.88,4811.44,4811.44,30.97,30.97,,,,12,957.64,17,43.88,4811.44,30.97,
1931,NA,NA,3,12.51,NA,2352.65,0,5,223.06,1267.73,3,3,12.51,12.51,2352.65,2352.65,0,123.32,,,,0,223.06,3,12.51,2352.65,0,
1932,24,64.72,21,56.63,447.63,6226.4,24,24,447.63,447.63,21,21,56.63,56.63,6226.4,6226.4,64.72,64.72,,,,24,447.63,21,56.63,6226.4,64.72,
1933,32,61.41,20,38.38,293.63,5903.35,32,32,293.63,293.63,20,20,38.38,38.38,5903.35,5903.35,61.41,61.41,,,,32,293.63,20,38.38,5903.35,61.41,
1934,20,41.11,28,57.56,515.95,7032.15,20,20,515.95,515.95,28,28,57.56,57.56,7032.15,7032.15,41.11,41.11,,,,20,515.95,28,57.56,7032.15,41.11,
1935,4,22.31,5,27.89,278.88,3893.13,4,4,278.88,278.88,5,5,27.89,27.89,3893.13,3893.13,22.31,22.31,,,,4,278.88,5,27.89,3893.13,22.31,
1936,NA,NA,9,28.84,NA,3839.37,0,1,223.06,254.39,9,9,28.84,28.84,3839.37,3839.37,0,4.23,,,,0,223.06,9,28.84,3839.37,0,
1937,0,0,4,22.46,95.47,1173.76,0,0,95.47,95.47,4,4,22.46,22.46,1173.76,1173.76,0,0,,,,0,95.47,4,22.46,1173.76,0,
1938,27,51.05,9,17.02,521.87,7345.85,27,27,521.87,521.87,9,9,17.02,17.02,7345.85,7345.85,51.05,51.05,,,,27,521.87,9,17.02,7345.85,51.05,
1939,16,86.91,12,65.19,2210.88,12923.03,16,16,2210.88,2210.88,12,12,65.19,65.19,12923.03,12923.03,86.91,86.91,,,,16,2210.88,12,65.19,12923.03,86.91,
1940,82,50.74,61,37.74,1343.3,8405.06,82,82,1343.3,1343.3,61,61,37.74,37.74,8405.06,8405.06,50.74,50.74,,,,82,1343.3,61,37.74,8405.06,50.74,
1941,50,74.8,NA,NA,661.25,NA,50,50,661.25,661.25,0,13,0,6.94,2246.14,8899.51,74.8,74.8,,,,50,661.25,0,0,2246.14,74.8,
1942,6,41.65,1,6.94,333.19,2950.16,6,6,333.19,333.19,1,1,6.94,6.94,2950.16,2950.16,41.65,41.65,,,,6,333.19,1,6.94,2950.16,41.65,
1943,28,40.54,34,49.23,1461.01,7997.16,28,28,1461.01,1461.01,34,34,49.23,49.23,7997.16,7997.16,40.54,40.54,,,,28,1461.01,34,49.23,7997.16,40.54,
1944,0,0,1,6.29,339.84,4285.71,0,0,339.84,339.84,1,1,6.29,6.29,4285.71,4285.71,0,0,,,,0,339.84,1,6.29,4285.71,0,
1945,12,37.21,13,40.31,1513.08,7255.36,12,12,1513.08,1513.08,13,13,40.31,40.31,7255.36,7255.36,37.21,37.21,,,,12,1513.08,13,40.31,7255.36,37.21,
1946,10,25.22,19,47.91,398.42,6667.17,10,10,398.42,398.42,19,19,47.91,47.91,6667.17,6667.17,25.22,25.22,,,,10,398.42,19,47.91,6667.17,25.22,
1947,NA,NA,12,21.42,NA,2036.85,0,785,223.06,319.6,12,12,21.42,21.42,2036.85,2036.85,0,8.54,,,,0,223.06,12,21.42,2036.85,0,
1948,0,0,2,14.97,44.92,1849.22,0,0,44.92,44.92,2,2,14.97,14.97,1849.22,1849.22,0,0,,,,0,44.92,2,14.97,1849.22,0,
1949,4,20.51,2,10.25,446.04,4101.51,4,4,446.04,446.04,2,2,10.25,10.25,4101.51,4101.51,20.51,20.51,,,,4,446.04,2,10.25,4101.51,20.51,
1950,13,86.62,6,39.98,1059.43,8049.04,13,13,1059.43,1059.43,6,6,39.98,39.98,8049.04,8049.04,86.62,86.62,,,,13,1059.43,6,39.98,8049.04,86.62,
1951,2,17.92,0,0,259.79,3878.89,2,2,259.79,259.79,0,0,0,0,3878.89,3878.89,17.92,17.92,,,,2,259.79,0,0,3878.89,17.92,
1952,265,87.05,109,35.8,510.78,5965.75,265,265,510.78,510.78,109,109,35.8,35.8,5965.75,5965.75,87.05,87.05,,,,265,510.78,109,35.8,5965.75,87.05,
1953,1,8.47,2,16.94,635.43,1914.77,1,1,635.43,635.43,2,2,16.94,16.94,1914.77,1914.77,8.47,8.47,,,,1,635.43,2,16.94,1914.77,8.47,
1954,19,32.56,1,1.71,219.36,3689.74,19,19,219.36,219.36,1,1,1.71,1.71,3689.74,3689.74,32.56,32.56,,,,19,219.36,1,1.71,3689.74,32.56,
1955,2,15.46,0,0,69.58,1469,2,2,69.58,69.58,0,0,0,0,1469,1469,15.46,15.46,,,,2,69.58,0,0,1469,15.46,
1956,NA,NA,1,4.12,NA,1885.01,0,13,223.06,690.81,1,1,4.12,4.12,1885.01,1885.01,0,0,,,,0,223.06,1,4.12,1885.01,0,
1957,1,4.65,3,13.96,255.89,2493.72,1,1,255.89,255.89,3,3,13.96,13.96,2493.72,2493.72,4.65,4.65,,,,1,255.89,3,13.96,2493.72,4.65,
1958,3,19.74,2,13.16,243.47,3395.41,3,3,243.47,243.47,2,2,13.16,13.16,3395.41,3395.41,19.74,19.74,,,,3,243.47,2,13.16,3395.41,19.74,
1959,NA,NA,1,7.34,NA,3244.99,0,3,223.06,509.56,1,1,7.34,7.34,3244.99,3244.99,0,89.88,,,,0,223.06,1,7.34,3244.99,0,
1960,4,26.91,1,6.73,148.02,2354.84,4,4,148.02,148.02,1,1,6.73,6.73,2354.84,2354.84,26.91,26.91,,,,4,148.02,1,6.73,2354.84,26.91,
1961,NA,NA,25,215.48,NA,4033.79,0,9,223.06,39.54,25,25,215.48,215.48,4033.79,4033.79,0,0,,,,0,223.06,25,215.48,4033.79,0,
1962,43,72.45,44,74.13,303.26,4355.15,43,43,303.26,303.26,44,44,74.13,74.13,4355.15,4355.15,72.45,72.45,,,,43,303.26,44,74.13,4355.15,72.45,
1963,6,16.41,11,30.08,246.09,4634.69,6,6,246.09,246.09,11,11,30.08,30.08,4634.69,4634.69,16.41,16.41,,,,6,246.09,11,30.08,4634.69,16.41,
1964,9,29.92,14,46.54,611.64,6867.67,9,9,611.64,611.64,14,14,46.54,46.54,6867.67,6867.67,29.92,29.92,,,,9,611.64,14,46.54,6867.67,29.92,
1965,194,69.14,214,76.26,792.93,9053.65,194,194,792.93,792.93,214,214,76.26,76.26,9053.65,9053.65,69.14,69.14,,,,194,792.93,214,76.26,9053.65,69.14,
1966,NA,NA,0,0,NA,2487.48,0,8,223.06,92.04,0,0,0,0,2487.48,2487.48,0,0,,,,0,223.06,0,0,2487.48,0,
1967,4,22.41,5,28.01,336.13,4711.48,4,4,336.13,336.13,5,5,28.01,28.01,4711.48,4711.48,22.41,22.41,,,,4,336.13,5,28.01,4711.48,22.41,
1968,28,60.62,13,28.15,517.46,3570.27,28,28,517.46,517.46,13,13,28.15,28.15,3570.27,3570.27,60.62,60.62,,,,28,517.46,13,28.15,3570.27,60.62,
1969,0,0,1,4.64,65.03,1467.72,0,0,65.03,65.03,1,1,4.64,4.64,1467.72,1467.72,0,0,,,,0,65.03,1,4.64,1467.72,0,
1970,4,26.49,3,19.87,291.41,10404.66,4,4,291.41,291.41,3,3,19.87,19.87,10404.66,10404.66,26.49,26.49,,,,4,291.41,3,19.87,10404.66,26.49,
1971,3,24.66,1,8.22,139.73,2885.09,3,3,139.73,139.73,1,1,8.22,8.22,2885.09,2885.09,24.66,24.66,,,,3,139.73,1,8.22,2885.09,24.66,
1972,NA,NA,11,65.31,NA,5141.6,0,3,223.06,2299.87,11,11,65.31,65.31,5141.6,5141.6,0,0,,,,0,223.06,11,65.31,5141.6,0,
1973,83,93.11,24,26.92,1573.82,10452.52,83,83,1573.82,1573.82,24,24,26.92,26.92,10452.52,10452.52,93.11,93.11,,,,83,1573.82,24,26.92,10452.52,93.11,
1974,12,15.81,12,15.81,502.05,8631.03,12,12,502.05,502.05,12,12,15.81,15.81,8631.03,8631.03,15.81,15.81,,,,12,502.05,12,15.81,8631.03,15.81,
1975,14,19.14,16,21.88,604.42,2998.85,14,14,604.42,604.42,16,16,21.88,21.88,2998.85,2998.85,19.14,19.14,,,,14,604.42,16,21.88,2998.85,19.14,
1976,58,128.21,38,84,499.59,9100.96,58,58,499.59,499.59,38,38,84,84,9100.96,9100.96,128.21,128.21,,,,58,499.59,38,84,9100.96,128.21,
1977,131,53.94,338,139.18,1636.75,7621.71,131,131,1636.75,1636.75,338,338,139.18,139.18,7621.71,7621.71,53.94,53.94,,,,131,1636.75,338,139.18,7621.71,53.94,
1978,6,19.37,10,32.29,80.73,2676.96,6,6,80.73,80.73,10,10,32.29,32.29,2676.96,2676.96,19.37,19.37,,,,6,80.73,10,32.29,2676.96,19.37,
1979,22,68.57,20,62.34,377.16,2802.19,22,22,377.16,377.16,20,20,62.34,62.34,2802.19,2802.19,68.57,68.57,,,,22,377.16,20,62.34,2802.19,68.57,
1980,2,16.86,1,8.43,320.4,4460.37,2,2,320.4,320.4,1,1,8.43,8.43,4460.37,4460.37,16.86,16.86,,,,2,320.4,1,8.43,4460.37,16.86,
1981,NA,NA,10,55.38,NA,5703.84,0,11,223.06,229.44,10,10,55.38,55.38,5703.84,5703.84,0,9.4,,,,0,223.06,10,55.38,5703.84,0,
1982,51,71.6,8,11.23,306.05,2754.42,51,51,306.05,306.05,8,8,11.23,11.23,2754.42,2754.42,71.6,71.6,,,,51,306.05,8,11.23,2754.42,71.6,
1983,50,93.59,16,29.95,2493.17,7681.65,50,50,2493.17,2493.17,16,16,29.95,29.95,7681.65,7681.65,93.59,93.59,,,,50,2493.17,16,29.95,7681.65,93.59,
1984,NA,NA,3,27.95,NA,3046.68,0,8,223.06,324.61,3,3,27.95,27.95,3046.68,3046.68,0,0,,,,0,223.06,3,27.95,3046.68,0,
1985,3,8.16,29,78.92,568.75,5284.79,3,3,568.75,568.75,29,29,78.92,78.92,5284.79,5284.79,8.16,8.16,,,,3,568.75,29,78.92,5284.79,8.16,
1986,92,107.62,59,69.02,2089.28,9898.93,92,92,2089.28,2089.28,59,59,69.02,69.02,9898.93,9898.93,107.62,107.62,,,,92,2089.28,59,69.02,9898.93,107.62,
1987,2,11.17,2,11.17,122.88,4552.31,2,2,122.88,122.88,2,2,11.17,11.17,4552.31,4552.31,11.17,11.17,,,,2,122.88,2,11.17,4552.31,11.17,
1988,2,18.55,3,27.83,194.82,5445.77,2,2,194.82,194.82,3,3,27.83,27.83,5445.77,5445.77,18.55,18.55,,,,2,194.82,3,27.83,5445.77,18.55,
1989,3,22.99,2,15.33,30.66,5180.87,3,3,30.66,30.66,2,2,15.33,15.33,5180.87,5180.87,22.99,22.99,,,,3,30.66,2,15.33,5180.87,22.99,
1990,15,71.36,13,61.85,214.08,7759.28,15,15,214.08,214.08,13,13,61.85,61.85,7759.28,7759.28,71.36,71.36,,,,15,214.08,13,61.85,7759.28,71.36,
1991,103,93.31,29,26.27,430.31,4012.32,103,103,430.31,430.31,29,29,26.27,26.27,4012.32,4012.32,93.31,93.31,,,,103,430.31,29,26.27,4012.32,93.31,
1992,6,42.02,1,7,413.19,5448.56,6,6,413.19,413.19,1,1,7,7,5448.56,5448.56,42.02,42.02,,,,6,413.19,1,7,5448.56,42.02,
1993,61,33.44,95,52.08,430.93,3922.8,61,61,430.93,430.93,95,95,52.08,52.08,3922.8,3922.8,33.44,33.44,,,,61,430.93,95,52.08,3922.8,33.44,
1994,39,53.07,48,65.32,1271.02,8434.49,39,39,1271.02,1271.02,48,48,65.32,65.32,8434.49,8434.49,53.07,53.07,,,,39,1271.02,48,65.32,8434.49,53.07,
1995,7,23.19,7,23.19,483.72,4346.82,7,7,483.72,483.72,7,7,23.19,23.19,4346.82,4346.82,23.19,23.19,,,,7,483.72,7,23.19,4346.82,23.19,
1996,1,6.03,0,0,96.55,3325.09,1,1,96.55,96.55,0,0,0,0,3325.09,3325.09,6.03,6.03,,,,1,96.55,0,0,3325.09,6.03,
1997,6,34.59,1,5.76,570.7,4767.39,6,6,570.7,570.7,1,1,5.76,5.76,4767.39,4767.39,34.59,34.59,,,,6,570.7,1,5.76,4767.39,34.59,
1998,2,12.99,2,12.99,64.94,3987.53,2,2,64.94,64.94,2,2,12.99,12.99,3987.53,3987.53,12.99,12.99,,,,2,64.94,2,12.99,3987.53,12.99,
1999,1,8.27,1,8.27,57.88,983.96,1,1,57.88,57.88,1,1,8.27,8.27,983.96,983.96,8.27,8.27,,,,1,57.88,1,8.27,983.96,8.27,
2000,51,90.74,84,149.46,1368.23,10780.37,51,51,1368.23,1368.23,84,84,149.46,149.46,10780.37,10780.37,90.74,90.74,,,,51,1368.23,84,149.46,10780.37,90.74,
2001,1,9.46,0,0,122.95,1134.97,1,1,122.95,122.95,0,0,0,0,1134.97,1134.97,9.46,9.46,,,,1,122.95,0,0,1134.97,9.46,
2002,NA,NA,5,37.94,NA,2223.07,0,6,223.06,61.66,5,5,37.94,37.94,2223.07,2223.07,0,12.12,,,,0,223.06,5,37.94,2223.07,0,
2003,24,109.32,12,54.66,264.2,4473.19,24,24,264.2,264.2,12,12,54.66,54.66,4473.19,4473.19,109.32,109.32,,,,24,264.2,12,54.66,4473.19,109.32,
2004,6,43.73,3,21.86,233.22,2973.54,6,6,233.22,233.22,3,3,21.86,21.86,2973.54,2973.54,43.73,43.73,,,,6,233.22,3,21.86,2973.54,43.73,
2005,4,25.15,0,0,591.05,3137.58,4,4,591.05,591.05,0,0,0,0,3137.58,3137.58,25.15,25.15,,,,4,591.05,0,0,3137.58,25.15,
2006,15,76.99,8,41.06,549.22,7365.77,15,15,549.22,549.22,8,8,41.06,41.06,7365.77,7365.77,76.99,76.99,,,,15,549.22,8,41.06,7365.77,76.99,
2007,0,0,2,16.08,64.3,1591.51,0,0,64.3,64.3,2,2,16.08,16.08,1591.51,1591.51,0,0,,,,0,64.3,2,16.08,1591.51,0,
2008,11,13.72,10,12.48,496.56,5910.02,11,11,496.56,496.56,10,10,12.48,12.48,5910.02,5910.02,13.72,13.72,,,,11,496.56,10,12.48,5910.02,13.72,
2009,17,142.21,9,75.29,2451.06,4810.11,17,17,2451.06,2451.06,9,9,75.29,75.29,4810.11,4810.11,142.21,142.21,,,,17,2451.06,9,75.29,4810.11,142.21,
2010,6,19.46,4,12.97,194.55,3842.41,6,6,194.55,194.55,4,4,12.97,12.97,3842.41,3842.41,19.46,19.46,,,,6,194.55,4,12.97,3842.41,19.46,
2011,6,27.24,NA,NA,1911.64,NA,6,6,1911.64,1911.64,0,16,0,25.75,2246.14,5118.91,27.24,27.24,,,,6,1911.64,0,0,2246.14,27.24,
2012,20,61.6,6,18.48,1678.68,8987.86,20,20,1678.68,1678.68,6,6,18.48,18.48,8987.86,8987.86,61.6,61.6,,,,20,1678.68,6,18.48,8987.86,61.6,
2013,18,27.65,48,73.73,950.76,5320.55,18,18,950.76,950.76,48,48,73.73,73.73,5320.55,5320.55,27.65,27.65,,,,18,950.76,48,73.73,5320.55,27.65,
2014,0,0,NA,NA,7.6,NA,0,0,7.6,7.6,0,0,0,33.83,2246.14,7276.96,0,0,,,,0,7.6,0,0,2246.14,0,
2015,56,53.59,127,121.53,1308.07,7757.52,56,56,1308.07,1308.07,127,127,121.53,121.53,7757.52,7757.52,53.59,53.59,,,,56,1308.07,127,121.53,7757.52,53.59,
2016,4,20.69,23,118.99,331.11,2612.65,4,4,331.11,331.11,23,23,118.99,118.99,2612.65,2612.65,20.69,20.69,,,,4,331.11,23,118.99,2612.65,20.69,
2017,14,46,3,9.86,1938.43,6814.07,14,14,1938.43,1938.43,3,3,9.86,9.86,6814.07,6814.07,46,46,,,,14,1938.43,3,9.86,6814.07,46,
2018,0,0,1,8.26,627.84,10698.06,0,0,627.84,627.84,1,1,8.26,8.26,10698.06,10698.06,0,0,,,,0,627.84,1,8.26,10698.06,0,
2019,87,44.15,70,35.52,860.21,5422.59,87,87,860.21,860.21,70,70,35.52,35.52,5422.59,5422.59,44.15,44.15,,,,87,860.21,70,35.52,5422.59,44.15,
2020,0,0,0,0,43.5,1822.05,0,0,43.5,43.5,0,0,0,0,1822.05,1822.05,0,0,,,,0,43.5,0,0,1822.05,0,
2021,10,18.32,5,9.16,487.28,5006.5,10,10,487.28,487.28,5,5,9.16,9.16,5006.5,5006.5,18.32,18.32,,,,10,487.28,5,9.16,5006.5,18.32,
2022,30,48.52,63,101.9,1285.83,5130.36,30,30,1285.83,1285.83,63,63,101.9,101.9,5130.36,5130.36,48.52,48.52,,,,30,1285.83,63,101.9,5130.36,48.52,
2023,2,5.52,29,80.06,113.19,2225.17,2,2,113.19,113.19,29,29,80.06,80.06,2225.17,2225.17,5.52,5.52,,,,2,113.19,29,80.06,2225.17,5.52,
2024,0,0,0,0,47.11,2911.52,0,0,47.11,47.11,0,0,0,0,2911.52,2911.52,0,0,,,,0,47.11,0,0,2911.52,0,
2025,2,7.95,0,0,421.34,2857.94,2,2,421.34,421.34,0,0,0,0,2857.94,2857.94,7.95,7.95,,,,2,421.34,0,0,2857.94,7.95,
2026,1,3.49,0,0,296.26,4945.8,1,1,296.26,296.26,0,0,0,0,4945.8,4945.8,3.49,3.49,,,,1,296.26,0,0,4945.8,3.49,
2027,2,11.03,0,0,49.63,1637.81,2,2,49.63,49.63,0,0,0,0,1637.81,1637.81,11.03,11.03,,,,2,49.63,0,0,1637.81,11.03,
2028,6,35.31,0,0,94.16,3842.98,6,6,94.16,94.16,0,0,0,0,3842.98,3842.98,35.31,35.31,,,,6,94.16,0,0,3842.98,35.31,
2029,12,35.04,1,2.92,878.96,4497.01,12,12,878.96,878.96,1,1,2.92,2.92,4497.01,4497.01,35.04,35.04,,,,12,878.96,1,2.92,4497.01,35.04,
2030,4,29.14,3,21.86,480.87,2557.38,4,4,480.87,480.87,3,3,21.86,21.86,2557.38,2557.38,29.14,29.14,,,,4,480.87,3,21.86,2557.38,29.14,
2031,50,41.52,63,52.32,1219.94,5828.13,50,50,1219.94,1219.94,63,63,52.32,52.32,5828.13,5828.13,41.52,41.52,,,,50,1219.94,63,52.32,5828.13,41.52,
2032,4,28.54,1,7.14,827.68,6243.31,4,4,827.68,827.68,1,1,7.14,7.14,6243.31,6243.31,28.54,28.54,,,,4,827.68,1,7.14,6243.31,28.54,
2033,0,0,0,0,111.83,1888.03,0,0,111.83,111.83,0,0,0,0,1888.03,1888.03,0,0,,,,0,111.83,0,0,1888.03,0,
2034,2,13.51,2,13.51,162.1,2512.49,2,2,162.1,162.1,2,2,13.51,13.51,2512.49,2512.49,13.51,13.51,,,,2,162.1,2,13.51,2512.49,13.51,
2035,NA,NA,131,184.51,NA,7746.48,0,1,223.06,2728.14,131,131,184.51,184.51,7746.48,7746.48,0,18.87,,,,0,223.06,131,184.51,7746.48,0,
2036,65,58.01,80,71.4,1448.54,6903.54,65,65,1448.54,1448.54,80,80,71.4,71.4,6903.54,6903.54,58.01,58.01,,,,65,1448.54,80,71.4,6903.54,58.01,
2037,3,28.29,1,9.43,622.29,5921.18,3,3,622.29,622.29,1,1,9.43,9.43,5921.18,5921.18,28.29,28.29,,,,3,622.29,1,9.43,5921.18,28.29,
2038,60,50.09,106,88.49,1218.85,4063.11,60,60,1218.85,1218.85,106,106,88.49,88.49,4063.11,4063.11,50.09,50.09,,,,60,1218.85,106,88.49,4063.11,50.09,
2039,9,49.58,14,77.12,1509.31,11402.45,9,9,1509.31,1509.31,14,14,77.12,77.12,11402.45,11402.45,49.58,49.58,,,,9,1509.31,14,77.12,11402.45,49.58,
2040,6,30.5,8,40.67,213.5,10009.15,6,6,213.5,213.5,8,8,40.67,40.67,10009.15,10009.15,30.5,30.5,,,,6,213.5,8,40.67,10009.15,30.5,
2041,12,50.51,5,21.05,534.6,5880.62,12,12,534.6,534.6,5,5,21.05,21.05,5880.62,5880.62,50.51,50.51,,,,12,534.6,5,21.05,5880.62,50.51,
2042,0,0,0,0,133.14,2135.59,0,0,133.14,133.14,0,0,0,0,2135.59,2135.59,0,0,,,,0,133.14,0,0,2135.59,0,
2043,1,8.85,1,8.85,8.85,1044.06,1,1,8.85,8.85,1,1,8.85,8.85,1044.06,1044.06,8.85,8.85,,,,1,8.85,1,8.85,1044.06,8.85,
2044,43,32.92,65,49.77,591.12,4872.89,43,43,591.12,591.12,65,65,49.77,49.77,4872.89,4872.89,32.92,32.92,,,,43,591.12,65,49.77,4872.89,32.92,
2045,100,122.39,35,42.84,1141.93,9484.24,100,100,1141.93,1141.93,35,35,42.84,42.84,9484.24,9484.24,122.39,122.39,,,,100,1141.93,35,42.84,9484.24,122.39,
2046,16,15.97,114,113.81,491.18,4319.83,16,16,491.18,491.18,114,114,113.81,113.81,4319.83,4319.83,15.97,15.97,,,,16,491.18,114,113.81,4319.83,15.97,
2047,29,64.07,NA,NA,1082.63,NA,29,29,1082.63,1082.63,0,2,0,14.22,2246.14,3987.64,64.07,64.07,,,,29,1082.63,0,0,2246.14,64.07,
2048,9,51.49,0,0,1590.48,7488.99,9,9,1590.48,1590.48,0,0,0,0,7488.99,7488.99,51.49,51.49,,,,9,1590.48,0,0,7488.99,51.49,
2049,64,69.92,26,28.41,1981.89,16092.17,64,64,1981.89,1981.89,26,26,28.41,28.41,16092.17,16092.17,69.92,69.92,,,,64,1981.89,26,28.41,16092.17,69.92,
2050,26,41.84,35,56.33,996.19,8001.67,26,26,996.19,996.19,35,35,56.33,56.33,8001.67,8001.67,41.84,41.84,,,,26,996.19,35,56.33,8001.67,41.84,
2051,1,8.69,0,0,60.84,2138.2,1,1,60.84,60.84,0,0,0,0,2138.2,2138.2,8.69,8.69,,,,1,60.84,0,0,2138.2,8.69,
2052,100,50.25,220,110.55,1291.41,10191.1,100,100,1291.41,1291.41,220,220,110.55,110.55,10191.1,10191.1,50.25,50.25,,,,100,1291.41,220,110.55,10191.1,50.25,
2053,NA,NA,13,67.26,NA,4045.94,0,53,223.06,1531.26,13,13,67.26,67.26,4045.94,4045.94,0,19.13,,,,0,223.06,13,67.26,4045.94,0,
2054,4,26.84,9,60.38,167.73,9111.04,4,4,167.73,167.73,9,9,60.38,60.38,9111.04,9111.04,26.84,26.84,,,,4,167.73,9,60.38,9111.04,26.84,
2055,1,7.77,2,15.55,583.07,5690.74,1,1,583.07,583.07,2,2,15.55,15.55,5690.74,5690.74,7.77,7.77,,,,1,583.07,2,15.55,5690.74,7.77,
2056,26,32.32,35,43.51,84.54,3252.32,26,26,84.54,84.54,35,35,43.51,43.51,3252.32,3252.32,32.32,32.32,,,,26,84.54,35,43.51,3252.32,32.32,
2057,105,52.6,96,48.09,861.57,6852,105,105,861.57,861.57,96,96,48.09,48.09,6852,6852,52.6,52.6,,,,105,861.57,96,48.09,6852,52.6,
2058,6,49.25,1,8.21,566.36,4399.57,6,6,566.36,566.36,1,1,8.21,8.21,4399.57,4399.57,49.25,49.25,,,,6,566.36,1,8.21,4399.57,49.25,
2059,6,53.65,0,0,89.41,3111.59,6,6,89.41,89.41,0,0,0,0,3111.59,3111.59,53.65,53.65,,,,6,89.41,0,0,3111.59,53.65,
2060,13,36.53,0,0,112.41,2242.52,13,13,112.41,112.41,0,0,0,0,2242.52,2242.52,36.53,36.53,,,,13,112.41,0,0,2242.52,36.53,
2061,517,138.25,246,65.78,1682.47,7349.19,517,517,1682.47,1682.47,246,246,65.78,65.78,7349.19,7349.19,138.25,138.25,,,,517,1682.47,246,65.78,7349.19,138.25,
2062,1,9.22,2,18.43,82.95,1539.17,1,1,82.95,82.95,2,2,18.43,18.43,1539.17,1539.17,9.22,9.22,,,,1,82.95,2,18.43,1539.17,9.22,
2063,NA,NA,3,14.76,NA,2982.14,0,10,223.06,252.63,3,3,14.76,14.76,2982.14,2982.14,0,58.15,,,,0,223.06,3,14.76,2982.14,0,
2064,37,24.67,64,42.67,721.98,6100.46,37,37,721.98,721.98,64,64,42.67,42.67,6100.46,6100.46,24.67,24.67,,,,37,721.98,64,42.67,6100.46,24.67,
2065,0,0,1,5.35,416.93,3752.41,0,0,416.93,416.93,1,1,5.35,5.35,3752.41,3752.41,0,0,,,,0,416.93,1,5.35,3752.41,0,
2066,0,0,1,6.98,55.84,2450.09,0,0,55.84,55.84,1,1,6.98,6.98,2450.09,2450.09,0,0,,,,0,55.84,1,6.98,2450.09,0,
2067,24,47.64,27,53.6,867.49,8234.24,24,24,867.49,867.49,27,27,53.6,53.6,8234.24,8234.24,47.64,47.64,,,,24,867.49,27,53.6,8234.24,47.64,
2068,3,11.46,13,49.68,366.83,3148.64,3,3,366.83,366.83,13,13,49.68,49.68,3148.64,3148.64,11.46,11.46,,,,3,366.83,13,49.68,3148.64,11.46,
2069,19,121.13,2,12.75,2052.79,7331.38,19,19,2052.79,2052.79,2,2,12.75,12.75,7331.38,7331.38,121.13,121.13,,,,19,2052.79,2,12.75,7331.38,121.13,
2070,6,35.23,1,5.87,399.23,4221.22,6,6,399.23,399.23,1,1,5.87,5.87,4221.22,4221.22,35.23,35.23,,,,6,399.23,1,5.87,4221.22,35.23,
2071,1,7.17,1,7.17,43.01,1791.99,1,1,43.01,43.01,1,1,7.17,7.17,1791.99,1791.99,7.17,7.17,,,,1,43.01,1,7.17,1791.99,7.17,
2072,19,104.61,25,137.64,765.29,6915.16,19,19,765.29,765.29,25,25,137.64,137.64,6915.16,6915.16,104.61,104.61,,,,19,765.29,25,137.64,6915.16,104.61,
2073,5,15.81,0,0,186.52,2045.4,5,5,186.52,186.52,0,0,0,0,2045.4,2045.4,15.81,15.81,,,,5,186.52,0,0,2045.4,15.81,
2074,4,27.05,3,20.29,243.47,3611.52,4,4,243.47,243.47,3,3,20.29,20.29,3611.52,3611.52,27.05,27.05,,,,4,243.47,3,20.29,3611.52,27.05,
2075,8,33.99,1,4.25,229.44,5633.92,8,8,229.44,229.44,1,1,4.25,4.25,5633.92,5633.92,33.99,33.99,,,,8,229.44,1,4.25,5633.92,33.99,
2076,834,168.46,656,132.51,1678.54,6534.58,834,834,1678.54,1678.54,656,656,132.51,132.51,6534.58,6534.58,168.46,168.46,,,,834,1678.54,656,132.51,6534.58,168.46,
2077,87,84.49,56,54.38,1684.94,5183.01,87,87,1684.94,1684.94,56,56,54.38,54.38,5183.01,5183.01,84.49,84.49,,,,87,1684.94,56,54.38,5183.01,84.49,
2078,NA,NA,8,33.81,NA,3034.53,0,13,223.06,741.91,8,8,33.81,33.81,3034.53,3034.53,0,0,,,,0,223.06,8,33.81,3034.53,0,
2079,28,29.46,20,21.04,482.97,5454.72,28,28,482.97,482.97,20,20,21.04,21.04,5454.72,5454.72,29.46,29.46,,,,28,482.97,20,21.04,5454.72,29.46,
2080,0,0,38,64.46,144.2,4906.1,0,0,144.2,144.2,38,38,64.46,64.46,4906.1,4906.1,0,0,,,,0,144.2,38,64.46,4906.1,0,
2081,77,26.34,492,168.33,1091.39,5601.65,77,77,1091.39,1091.39,492,492,168.33,168.33,5601.65,5601.65,26.34,26.34,,,,77,1091.39,492,168.33,5601.65,26.34,
2082,4,12.12,17,51.49,196.89,4810.08,4,4,196.89,196.89,17,17,51.49,51.49,4810.08,4810.08,12.12,12.12,,,,4,196.89,17,51.49,4810.08,12.12,
2083,6,31.53,4,21.02,157.66,3084.93,6,6,157.66,157.66,4,4,21.02,21.02,3084.93,3084.93,31.53,31.53,,,,6,157.66,4,21.02,3084.93,31.53,
2084,0,0,0,0,112.63,788.39,0,0,112.63,112.63,0,0,0,0,788.39,788.39,0,0,,,,0,112.63,0,0,788.39,0,
2085,9,22.59,7,17.57,542.11,4223.97,9,9,542.11,542.11,7,7,17.57,17.57,4223.97,4223.97,22.59,22.59,,,,9,542.11,7,17.57,4223.97,22.59,
2086,3,16.13,4,21.51,279.58,4946.5,3,3,279.58,279.58,4,4,21.51,21.51,4946.5,4946.5,16.13,16.13,,,,3,279.58,4,21.51,4946.5,16.13,
2087,8,12.95,42,68.01,236.43,4516.38,8,8,236.43,236.43,42,42,68.01,68.01,4516.38,4516.38,12.95,12.95,,,,8,236.43,42,68.01,4516.38,12.95,
2088,12,57.53,3,14.38,575.26,5690.32,12,12,575.26,575.26,3,3,14.38,14.38,5690.32,5690.32,57.53,57.53,,,,12,575.26,3,14.38,5690.32,57.53,
2089,12,54.13,2,9.02,460.14,4682.64,12,12,460.14,460.14,2,2,9.02,9.02,4682.64,4682.64,54.13,54.13,,,,12,460.14,2,9.02,4682.64,54.13,
2090,11,14.44,11,14.44,517.18,6195.61,11,11,517.18,517.18,11,11,14.44,14.44,6195.61,6195.61,14.44,14.44,,,,11,517.18,11,14.44,6195.61,14.44,
2091,79,45.31,83,47.61,817.33,7045.06,79,79,817.33,817.33,83,83,47.61,47.61,7045.06,7045.06,45.31,45.31,,,,79,817.33,83,47.61,7045.06,45.31,
2092,25,83.06,30,99.67,1122.96,10319.28,25,25,1122.96,1122.96,30,30,99.67,99.67,10319.28,10319.28,83.06,83.06,,,,25,1122.96,30,99.67,10319.28,83.06,
2093,27,92,9,30.67,1090.36,9138.61,27,27,1090.36,1090.36,9,9,30.67,30.67,9138.61,9138.61,92,92,,,,27,1090.36,9,30.67,9138.61,92,
2094,22,110.26,10,50.12,1047.46,8835.76,22,22,1047.46,1047.46,10,10,50.12,50.12,8835.76,8835.76,110.26,110.26,,,,22,1047.46,10,50.12,8835.76,110.26,
2095,22,53.85,18,44.06,176.25,3732.99,22,22,176.25,176.25,18,18,44.06,44.06,3732.99,3732.99,53.85,53.85,,,,22,176.25,18,44.06,3732.99,53.85,
2096,20,20.83,27,28.11,214.51,4264.07,20,20,214.51,214.51,27,27,28.11,28.11,4264.07,4264.07,20.83,20.83,,,,20,214.51,27,28.11,4264.07,20.83,
2097,16,41.28,47,121.27,864.36,4561.76,16,16,864.36,864.36,47,47,121.27,121.27,4561.76,4561.76,41.28,41.28,,,,16,864.36,47,121.27,4561.76,41.28,
2098,181,41.52,200,45.88,286.27,4465.56,181,181,286.27,286.27,200,200,45.88,45.88,4465.56,4465.56,41.52,41.52,,,,181,286.27,200,45.88,4465.56,41.52,
2099,3,6.16,1,2.05,260.89,5367.71,3,3,260.89,260.89,1,1,2.05,2.05,5367.71,5367.71,6.16,6.16,,,,3,260.89,1,2.05,5367.71,6.16,
2100,0,0,2,12.49,480.89,4352.99,0,0,480.89,480.89,2,2,12.49,12.49,4352.99,4352.99,0,0,,,,0,480.89,2,12.49,4352.99,0,
2101,444,40.9,309,28.46,1097.07,7817.4,444,444,1097.07,1097.07,309,309,28.46,28.46,7817.4,7817.4,40.9,40.9,,,,444,1097.07,309,28.46,7817.4,40.9,
2102,4,22.24,7,38.93,861.93,8013.12,4,4,861.93,861.93,7,7,38.93,38.93,8013.12,8013.12,22.24,22.24,,,,4,861.93,7,38.93,8013.12,22.24,
2103,5,41.25,1,8.25,90.74,2408.84,5,5,90.74,90.74,1,1,8.25,8.25,2408.84,2408.84,41.25,41.25,,,,5,90.74,1,8.25,2408.84,41.25,
2104,0,0,0,0,51.04,1173.9,0,0,51.04,51.04,0,0,0,0,1173.9,1173.9,0,0,,,,0,51.04,0,0,1173.9,0,
2105,5,42.09,0,0,336.7,3661.62,5,5,336.7,336.7,0,0,0,0,3661.62,3661.62,42.09,42.09,,,,5,336.7,0,0,3661.62,42.09,
2106,0,0,0,0,62.03,1036.87,0,0,62.03,62.03,0,0,0,0,1036.87,1036.87,0,0,,,,0,62.03,0,0,1036.87,0,
2107,14,25,16,28.58,1496.64,6797.4,14,14,1496.64,1496.64,16,16,28.58,28.58,6797.4,6797.4,25,25,,,,14,1496.64,16,28.58,6797.4,25,
2108,18,84.57,3,14.1,930.28,4477.54,18,18,930.28,930.28,3,3,14.1,14.1,4477.54,4477.54,84.57,84.57,,,,18,930.28,3,14.1,4477.54,84.57,
2109,2,12.41,3,18.62,155.14,1725.21,2,2,155.14,155.14,3,3,18.62,18.62,1725.21,1725.21,12.41,12.41,,,,2,155.14,3,18.62,1725.21,12.41,
2110,1,8.39,4,33.57,478.35,2618.33,1,1,478.35,478.35,4,4,33.57,33.57,2618.33,2618.33,8.39,8.39,,,,1,478.35,4,33.57,2618.33,8.39,
2111,20,55.63,9,25.03,136.28,4361.01,20,20,136.28,136.28,9,9,25.03,25.03,4361.01,4361.01,55.63,55.63,,,,20,136.28,9,25.03,4361.01,55.63,
2112,8,49.48,7,43.29,408.19,2863.5,8,8,408.19,408.19,7,7,43.29,43.29,2863.5,2863.5,49.48,49.48,,,,8,408.19,7,43.29,2863.5,49.48,
2113,65,103.18,31,49.21,1219.13,11175.31,65,65,1219.13,1219.13,31,31,49.21,49.21,11175.31,11175.31,103.18,103.18,,,,65,1219.13,31,49.21,11175.31,103.18,
2114,23,47.19,21,43.08,369.3,5030.67,23,23,369.3,369.3,21,21,43.08,43.08,5030.67,5030.67,47.19,47.19,,,,23,369.3,21,43.08,5030.67,47.19,
2115,2,14.65,0,0,109.84,3617.46,2,2,109.84,109.84,0,0,0,0,3617.46,3617.46,14.65,14.65,,,,2,109.84,0,0,3617.46,14.65,
2116,18,38.89,8,17.28,200.94,5237.34,18,18,200.94,200.94,8,8,17.28,17.28,5237.34,5237.34,38.89,38.89,,,,18,200.94,8,17.28,5237.34,38.89,
2117,4,5.53,5,6.92,208.93,4426.27,4,4,208.93,208.93,5,5,6.92,6.92,4426.27,4426.27,5.53,5.53,,,,4,208.93,5,6.92,4426.27,5.53,
2118,14,26.97,5,9.63,674.31,3941.82,14,14,674.31,674.31,5,5,9.63,9.63,3941.82,3941.82,26.97,26.97,,,,14,674.31,5,9.63,3941.82,26.97,
2119,11,14.46,6,7.89,76.24,4083.91,11,11,76.24,76.24,6,6,7.89,7.89,4083.91,4083.91,14.46,14.46,,,,11,76.24,6,7.89,4083.91,14.46,
2120,1,4.38,5,21.9,135.76,2583.75,1,1,135.76,135.76,5,5,21.9,21.9,2583.75,2583.75,4.38,4.38,,,,1,135.76,5,21.9,2583.75,4.38,
2121,4,32.51,0,0,463.3,3096.81,4,4,463.3,463.3,0,0,0,0,3096.81,3096.81,32.51,32.51,,,,4,463.3,0,0,3096.81,32.51,
2122,4,21.8,17,92.66,479.67,6230.24,4,4,479.67,479.67,17,17,92.66,92.66,6230.24,6230.24,21.8,21.8,,,,4,479.67,17,92.66,6230.24,21.8,
2123,3,17.31,3,17.31,756.05,5430.83,3,3,756.05,756.05,3,3,17.31,17.31,5430.83,5430.83,17.31,17.31,,,,3,756.05,3,17.31,5430.83,17.31,
2124,17,81.66,0,0,302.61,1681.16,17,17,302.61,302.61,0,0,0,0,1681.16,1681.16,81.66,81.66,,,,17,302.61,0,0,1681.16,81.66,
2125,NA,NA,1,8.87,NA,2998.85,0,0,223.06,48.01,1,1,8.87,8.87,2998.85,2998.85,0,41.55,,,,0,223.06,1,8.87,2998.85,0,
2126,4,21.72,8,43.44,1026.28,6798.44,4,4,1026.28,1026.28,8,8,43.44,43.44,6798.44,6798.44,21.72,21.72,,,,4,1026.28,8,43.44,6798.44,21.72,
2127,4,35.18,0,0,219.86,2682.26,4,4,219.86,219.86,0,0,0,0,2682.26,2682.26,35.18,35.18,,,,4,219.86,0,0,2682.26,35.18,
2128,25,73.08,2,5.85,742.54,5712.28,25,25,742.54,742.54,2,2,5.85,5.85,5712.28,5712.28,73.08,73.08,,,,25,742.54,2,5.85,5712.28,73.08,
2129,5,43,2,17.2,137.59,1642.45,5,5,137.59,137.59,2,2,17.2,17.2,1642.45,1642.45,43,43,,,,5,137.59,2,17.2,1642.45,43,
2130,39,76.08,32,62.42,462.3,5670.54,39,39,462.3,462.3,32,32,62.42,62.42,5670.54,5670.54,76.08,76.08,,,,39,462.3,32,62.42,5670.54,76.08,
2131,39,76.08,20,39.02,2678.55,12667.04,39,39,2678.55,2678.55,20,20,39.02,39.02,12667.04,12667.04,76.08,76.08,,,,39,2678.55,20,39.02,12667.04,76.08,
2132,2,8.63,6,25.9,189.92,4640.02,2,2,189.92,189.92,6,6,25.9,25.9,4640.02,4640.02,8.63,8.63,,,,2,189.92,6,25.9,4640.02,8.63,
2133,1,4.73,0,0,127.67,1584,1,1,127.67,127.67,0,0,0,0,1584,1584,4.73,4.73,,,,1,127.67,0,0,1584,4.73,
2134,31,67.2,29,62.86,901.76,7318.13,31,31,901.76,901.76,29,29,62.86,62.86,7318.13,7318.13,67.2,67.2,,,,31,901.76,29,62.86,7318.13,67.2,
2135,22,17.7,34,27.35,624.31,2540.67,22,22,624.31,624.31,34,34,27.35,27.35,2540.67,2540.67,17.7,17.7,,,,22,624.31,34,27.35,2540.67,17.7,
2136,62,71.59,33,38.1,952.59,6066.55,62,62,952.59,952.59,33,33,38.1,38.1,6066.55,6066.55,71.59,71.59,,,,62,952.59,33,38.1,6066.55,71.59,
2137,1,7.38,0,0,81.17,2627.11,1,1,81.17,81.17,0,0,0,0,2627.11,2627.11,7.38,7.38,,,,1,81.17,0,0,2627.11,7.38,
2138,7,58.74,5,41.96,243.35,2827.89,7,7,243.35,243.35,5,5,41.96,41.96,2827.89,2827.89,58.74,58.74,,,,7,243.35,5,41.96,2827.89,58.74,
2139,10,39.91,2,7.98,99.77,2913.24,10,10,99.77,99.77,2,2,7.98,7.98,2913.24,2913.24,39.91,39.91,,,,10,99.77,2,7.98,2913.24,39.91,
2140,0,0,NA,NA,5.35,NA,0,0,5.35,5.35,0,13,0,56.98,2246.14,4218.33,0,0,,,,0,5.35,0,0,2246.14,0,
2141,NA,NA,0,0,NA,2793.99,0,5,223.06,56.56,0,0,0,0,2793.99,2793.99,0,6.01,,,,0,223.06,0,0,2793.99,0,
2142,5,20.35,4,16.28,73.27,2377.37,5,5,73.27,73.27,4,4,16.28,16.28,2377.37,2377.37,20.35,20.35,,,,5,73.27,4,16.28,2377.37,20.35,
2143,0,0,1,2.95,38.38,2323.73,0,0,38.38,38.38,1,1,2.95,2.95,2323.73,2323.73,0,0,,,,0,38.38,1,2.95,2323.73,0,
2144,0,0,NA,NA,17.62,NA,0,0,17.62,17.62,0,1,0,12.57,2246.14,9811.74,0,0,,,,0,17.62,0,0,2246.14,0,
2145,7,23.77,20,67.91,648.56,6648.56,7,7,648.56,648.56,20,20,67.91,67.91,6648.56,6648.56,23.77,23.77,,,,7,648.56,20,67.91,6648.56,23.77,
2146,13,24.82,27,51.55,234.82,5064.91,13,13,234.82,234.82,27,27,51.55,51.55,5064.91,5064.91,24.82,24.82,,,,13,234.82,27,51.55,5064.91,24.82,
2147,NA,NA,4,18.53,NA,4590.51,0,17,223.06,504.2,4,4,18.53,18.53,4590.51,4590.51,0,18.13,,,,0,223.06,4,18.53,4590.51,0,
2148,0,0,1,7.43,156.08,1843.18,0,0,156.08,156.08,1,1,7.43,7.43,1843.18,1843.18,0,0,,,,0,156.08,1,7.43,1843.18,0,
2149,2,11.76,2,11.76,488.03,4004.23,2,2,488.03,488.03,2,2,11.76,11.76,4004.23,4004.23,11.76,11.76,,,,2,488.03,2,11.76,4004.23,11.76,
2150,22,27.34,11,13.67,272.13,5197.89,22,22,272.13,272.13,11,11,13.67,13.67,5197.89,5197.89,27.34,27.34,,,,22,272.13,11,13.67,5197.89,27.34,
2151,11,75.17,7,47.83,444.17,7031.57,11,11,444.17,444.17,7,7,47.83,47.83,7031.57,7031.57,75.17,75.17,,,,11,444.17,7,47.83,7031.57,75.17,
2152,7,22.81,6,19.56,404.15,3865.46,7,7,404.15,404.15,6,6,19.56,19.56,3865.46,3865.46,22.81,22.81,,,,7,404.15,6,19.56,3865.46,22.81,
2153,NA,NA,6,11.57,NA,6702.13,0,4,223.06,204.98,6,6,11.57,11.57,6702.13,6702.13,0,11.5,,,,0,223.06,6,11.57,6702.13,0,
2154,0,0,1,4.46,307.5,5699.9,0,0,307.5,307.5,1,1,4.46,4.46,5699.9,5699.9,0,0,,,,0,307.5,1,4.46,5699.9,0,
2155,4,19.01,5,23.76,822.2,8787.61,4,4,822.2,822.2,5,5,23.76,23.76,8787.61,8787.61,19.01,19.01,,,,4,822.2,5,23.76,8787.61,19.01,
2156,2,8.16,2,8.16,277.57,3188.02,2,2,277.57,277.57,2,2,8.16,8.16,3188.02,3188.02,8.16,8.16,,,,2,277.57,2,8.16,3188.02,8.16,
2157,356,67.01,320,60.23,1399.84,10458.26,356,356,1399.84,1399.84,320,320,60.23,60.23,10458.26,10458.26,67.01,67.01,,,,356,1399.84,320,60.23,10458.26,67.01,
2158,5,8.24,11,18.14,NA,3043.84,5,5,223.06,1227.61,11,11,18.14,18.14,3043.84,3043.84,8.24,8.24,,,,5,223.06,11,18.14,3043.84,8.24,
2159,NA,NA,3,10.98,NA,2654.51,0,10,223.06,130.22,3,3,10.98,10.98,2654.51,2654.51,0,6.15,,,,0,223.06,3,10.98,2654.51,0,
2160,61,73.39,NA,NA,1538.83,NA,61,61,1538.83,1538.83,0,0,0,53.03,2246.14,5690.74,73.39,73.39,,,,61,1538.83,0,0,2246.14,73.39,
2161,1,8.47,1,8.47,321.82,2879.4,1,1,321.82,321.82,1,1,8.47,8.47,2879.4,2879.4,8.47,8.47,,,,1,321.82,1,8.47,2879.4,8.47,
2162,1,5,9,45.03,40.02,2496.5,1,1,40.02,40.02,9,9,45.03,45.03,2496.5,2496.5,5,5,,,,1,40.02,9,45.03,2496.5,5,
2163,106,80.47,77,58.45,1248.05,5748.3,106,106,1248.05,1248.05,77,77,58.45,58.45,5748.3,5748.3,80.47,80.47,,,,106,1248.05,77,58.45,5748.3,80.47,
2164,NA,NA,10,19.76,NA,1077.03,0,1,223.06,560.45,10,10,19.76,19.76,1077.03,1077.03,0,17.72,,,,0,223.06,10,19.76,1077.03,0,
2165,4,24.8,2,12.4,130.22,1674.21,4,4,130.22,130.22,2,2,12.4,12.4,1674.21,1674.21,24.8,24.8,,,,4,130.22,2,12.4,1674.21,24.8,
2166,0,0,2,18.07,27.11,2683.9,0,0,27.11,27.11,2,2,18.07,18.07,2683.9,2683.9,0,0,,,,0,27.11,2,18.07,2683.9,0,
2167,3,10.55,4,14.07,432.61,1540.52,3,3,432.61,432.61,4,4,14.07,14.07,1540.52,1540.52,10.55,10.55,,,,3,432.61,4,14.07,1540.52,10.55,
2168,2,16.59,0,0,190.79,4180.84,2,2,190.79,190.79,0,0,0,0,4180.84,4180.84,16.59,16.59,,,,2,190.79,0,0,4180.84,16.59,
2169,9,32.24,0,0,275.83,2314.09,9,9,275.83,275.83,0,0,0,0,2314.09,2314.09,32.24,32.24,,,,9,275.83,0,0,2314.09,32.24,
2170,7,59.71,6,51.18,597.12,6218.54,7,7,597.12,597.12,6,6,51.18,51.18,6218.54,6218.54,59.71,59.71,,,,7,597.12,6,51.18,6218.54,59.71,
2171,4,21.65,2,10.83,422.22,5591.64,4,4,422.22,422.22,2,2,10.83,10.83,5591.64,5591.64,21.65,21.65,,,,4,422.22,2,10.83,5591.64,21.65,
2172,1,4.15,2,8.29,82.93,2550.07,1,1,82.93,82.93,2,2,8.29,8.29,2550.07,2550.07,4.15,4.15,,,,1,82.93,2,8.29,2550.07,4.15,
2173,21,73.9,0,0,700.29,7333.64,21,21,700.29,700.29,0,0,0,0,7333.64,7333.64,73.9,73.9,,,,21,700.29,0,0,7333.64,73.9,
2174,3,15.2,4,20.27,709.29,5314.62,3,3,709.29,709.29,4,4,20.27,20.27,5314.62,5314.62,15.2,15.2,,,,3,709.29,4,20.27,5314.62,15.2,
2175,NA,NA,4,14.84,NA,3343.72,0,12,223.06,123.17,4,4,14.84,14.84,3343.72,3343.72,0,16.55,,,,0,223.06,4,14.84,3343.72,0,
2176,8,43.72,6,32.79,426.25,2950.98,8,8,426.25,426.25,6,6,32.79,32.79,2950.98,2950.98,43.72,43.72,,,,8,426.25,6,32.79,2950.98,43.72,
2177,2,6.54,0,0,13.07,3555.44,2,2,13.07,13.07,0,0,0,0,3555.44,3555.44,6.54,6.54,,,,2,13.07,0,0,3555.44,6.54,
2178,7,19.54,9,25.12,605.74,3140.35,7,7,605.74,605.74,9,9,25.12,25.12,3140.35,3140.35,19.54,19.54,,,,7,605.74,9,25.12,3140.35,19.54,
2179,1,9.43,0,0,113.2,2546.93,1,1,113.2,113.2,0,0,0,0,2546.93,2546.93,9.43,9.43,,,,1,113.2,0,0,2546.93,9.43,
2180,NA,NA,8,29.01,NA,6366.7,0,1,223.06,384.21,8,8,29.01,29.01,6366.7,6366.7,0,8.9,,,,0,223.06,8,29.01,6366.7,0,
2181,4,21.43,0,0,353.53,4070.92,4,4,353.53,353.53,0,0,0,0,4070.92,4070.92,21.43,21.43,,,,4,353.53,0,0,4070.92,21.43,
2182,15,129.65,1,8.64,2333.62,7839.24,15,15,2333.62,2333.62,1,1,8.64,8.64,7839.24,7839.24,129.65,129.65,,,,15,2333.62,1,8.64,7839.24,129.65,
2183,30,52.03,1,1.73,180.36,4498.47,30,30,180.36,180.36,1,1,1.73,1.73,4498.47,4498.47,52.03,52.03,,,,30,180.36,1,1.73,4498.47,52.03,
2184,2,9.86,3,14.8,172.63,4655.98,2,2,172.63,172.63,3,3,14.8,14.8,4655.98,4655.98,9.86,9.86,,,,2,172.63,3,14.8,4655.98,9.86,
2185,18,158.69,0,0,1313.59,9503.66,18,18,1313.59,1313.59,0,0,0,0,9503.66,9503.66,158.69,158.69,,,,18,1313.59,0,0,9503.66,158.69,
2186,33,60.08,35,63.72,1691.21,9213.38,33,33,1691.21,1691.21,35,35,63.72,63.72,9213.38,9213.38,60.08,60.08,,,,33,1691.21,35,63.72,9213.38,60.08,
2187,4,14.99,7,26.23,741.91,10532.82,4,4,741.91,741.91,7,7,26.23,26.23,10532.82,10532.82,14.99,14.99,,,,4,741.91,7,26.23,10532.82,14.99,
2188,3,19.13,0,0,216.85,3080.55,3,3,216.85,216.85,0,0,0,0,3080.55,3080.55,19.13,19.13,,,,3,216.85,0,0,3080.55,19.13,
2189,1,7.37,1,7.37,73.73,1946.47,1,1,73.73,73.73,1,1,7.37,7.37,1946.47,1946.47,7.37,7.37,,,,1,73.73,1,7.37,1946.47,7.37,
2190,1,5.07,3,15.22,324.66,2115.36,1,1,324.66,324.66,3,3,15.22,15.22,2115.36,2115.36,5.07,5.07,,,,1,324.66,3,15.22,2115.36,5.07,
2191,1,6.28,2,12.57,43.98,1042.91,1,1,43.98,43.98,2,2,12.57,12.57,1042.91,1042.91,6.28,6.28,,,,1,43.98,2,12.57,1042.91,6.28,
2192,4,29.14,2,14.57,254.93,3678.35,4,4,254.93,254.93,2,2,14.57,14.57,3678.35,3678.35,29.14,29.14,,,,4,254.93,2,14.57,3678.35,29.14,
2193,7,17.72,19,48.11,255.74,3385.32,7,7,255.74,255.74,19,19,48.11,48.11,3385.32,3385.32,17.72,17.72,,,,7,255.74,19,48.11,3385.32,17.72,
2194,7,18.83,16,43.05,492.4,6546.48,7,7,492.4,492.4,16,16,43.05,43.05,6546.48,6546.48,18.83,18.83,,,,7,492.4,16,43.05,6546.48,18.83,
2195,3,7.14,15,35.71,228.53,3601.69,3,3,228.53,228.53,15,15,35.71,35.71,3601.69,3601.69,7.14,7.14,,,,3,228.53,15,35.71,3601.69,7.14,
2196,3,13,5,21.66,485.18,2330.62,3,3,485.18,485.18,5,5,21.66,21.66,2330.62,2330.62,13,13,,,,3,485.18,5,21.66,2330.62,13,
2197,56,69.62,NA,NA,1246.89,NA,56,56,1246.89,1246.89,0,9,0,78.91,2246.14,9100.96,69.62,69.62,,,,56,1246.89,0,0,2246.14,69.62,
2198,2,9.8,0,0,205.84,2024.11,2,2,205.84,205.84,0,0,0,0,2024.11,2024.11,9.8,9.8,,,,2,205.84,0,0,2024.11,9.8,
2199,1,8.08,5,40.4,234.34,3434.34,1,1,234.34,234.34,5,5,40.4,40.4,3434.34,3434.34,8.08,8.08,,,,1,234.34,5,40.4,3434.34,8.08,
2200,4,14.98,5,18.72,86.12,1748.67,4,4,86.12,86.12,5,5,18.72,18.72,1748.67,1748.67,14.98,14.98,,,,4,86.12,5,18.72,1748.67,14.98,
2201,9,10.01,0,0,640.62,1623.79,9,9,640.62,640.62,0,0,0,0,1623.79,1623.79,10.01,10.01,,,,9,640.62,0,0,1623.79,10.01,
2202,15,59.71,6,23.88,409.98,5835.29,15,15,409.98,409.98,6,6,23.88,23.88,5835.29,5835.29,59.71,59.71,,,,15,409.98,6,23.88,5835.29,59.71,
2203,4,24.37,7,42.64,255.86,5111.18,4,4,255.86,255.86,7,7,42.64,42.64,5111.18,5111.18,24.37,24.37,,,,4,255.86,7,42.64,5111.18,24.37,
2204,8,27.53,20,68.83,1996.15,5427.45,8,8,1996.15,1996.15,20,20,68.83,68.83,5427.45,5427.45,27.53,27.53,,,,8,1996.15,20,68.83,5427.45,27.53,
2205,6,21.95,27,98.76,288.98,7107.32,6,6,288.98,288.98,27,27,98.76,98.76,7107.32,7107.32,21.95,21.95,,,,6,288.98,27,98.76,7107.32,21.95,
2206,6,32.87,2,10.96,372.56,3353.06,6,6,372.56,372.56,2,2,10.96,10.96,3353.06,3353.06,32.87,32.87,,,,6,372.56,2,10.96,3353.06,32.87,
2207,6,26.9,6,26.9,228.66,4183.11,6,6,228.66,228.66,6,6,26.9,26.9,4183.11,4183.11,26.9,26.9,,,,6,228.66,6,26.9,4183.11,26.9,
2208,5,9.46,10,18.92,285.73,5144.94,5,5,285.73,285.73,10,10,18.92,18.92,5144.94,5144.94,9.46,9.46,,,,5,285.73,10,18.92,5144.94,9.46,
2209,1,7.81,0,0,46.85,3817.93,1,1,46.85,46.85,0,0,0,0,3817.93,3817.93,7.81,7.81,,,,1,46.85,0,0,3817.93,7.81,
2210,0,0,0,0,132.87,1992.98,0,0,132.87,132.87,0,0,0,0,1992.98,1992.98,0,0,,,,0,132.87,0,0,1992.98,0,
2211,30,49.46,34,56.06,545.75,7356.84,30,30,545.75,545.75,34,34,56.06,56.06,7356.84,7356.84,49.46,49.46,,,,30,545.75,34,56.06,7356.84,49.46,
2212,4,33.09,2,16.55,124.1,5824.44,4,4,124.1,124.1,2,2,16.55,16.55,5824.44,5824.44,33.09,33.09,,,,4,124.1,2,16.55,5824.44,33.09,
2213,5,13.61,8,21.77,353.83,4654.2,5,5,353.83,353.83,8,8,21.77,21.77,4654.2,4654.2,13.61,13.61,,,,5,353.83,8,21.77,4654.2,13.61,
2214,2,15.71,1,7.85,691.17,5340.87,2,2,691.17,691.17,1,1,7.85,7.85,5340.87,5340.87,15.71,15.71,,,,2,691.17,1,7.85,5340.87,15.71,
2215,19,62.8,20,66.11,918.89,8838.5,19,19,918.89,918.89,20,20,66.11,66.11,8838.5,8838.5,62.8,62.8,,,,19,918.89,20,66.11,8838.5,62.8,
,,,,,,,,,,,,,,,,,,,,,AVG,25.41264108,552.5596524,29.63792325,30.83269526,4791.662176,32.85362077,
,,,,,,,,,,,,,,,,,,,,,MEDIAN,6,316.55,5,19.75,4277.31,23.48,
,,,,,,,,,,,,,,,,,,,,,ST DEV,100.8650767,593.5240606,176.4913452,38.95260276,2733.869245,34.26561661,
,,,,,,,,,,,,,,,,,,,,,VARIANCE,10173.76371,352270.8105,31149.19495,1517.305262,7474041.051,1174.132482,
,,,,,,,,,,,,,,,,,,,,,KURT,324.1927762,6.447609164,508.8870548,17.95302151,5.897927685,10.49361338,
,,,,,,,,,,,,,,,,,,,,,SKO,14.73858525,2.229094361,20.21505413,3.251198382,1.614667025,2.146804491,
,,,,,,,,,,,,,,,,,,,,,VARIABILITY,397%,107%,595%,126%,57%,104%,
,,,,,,,,,,,,,,,,,,,,,,,,,,,,
,,,,,,,,,,,,,,,,,,,,,,,,,,,,
,,,,,,,,,,,,,,,,,,,,,BEFORE HMISC IMPUTATION,,,,,,,
,,,,,,,,,,,,,,,,,,,,,AVG,27.27076761,36.25609884,30.46635121,32.04057308,583.6948055,4942.323838,
,,,,,,,,,,,,,,,,,,,,,MED.,7,27.08,5,21.03,369.315,4479.66,
,,,,,,,,,,,,,,,,,,,,,ST DEV,103.9323455,34.34265265,180.839278,39.57818523,608.2706484,2786.611455,
,,,,,,,,,,,,,,,,,,,,,VAR,10801.93243,1179.417791,32702.84447,1566.432746,369993.1817,7765203.4,
,,,,,,,,,,,,,,,,,,,,,CURT,327.372145,11.34243666,530.4772454,18.41984165,5.913723648,5.965695683,
,,,,,,,,,,,,,,,,,,,,,VARIABILITY,381%,95%,594%,124%,104%,56%,